127 14
191 14
223 14
239 14
247 14
251 14
253 14
319 14
351 14
367 14
375 14
379 14
381 14
415 14
431 14
439 14
443 14
445 14
463 14
471 14
475 14
477 14
487 14
491 14
493 14
499 14
501 14
505 14
575 14
607 14
623 14
631 14
635 14
637 14
671 14
687 14
695 14
699 14
701 14
719 14
727 14
731 14
733 14
743 14
747 14
749 14
755 14
757 14
761 14
799 14
815 14
823 14
827 14
829 14
847 14
855 14
859 14
861 14
871 14
875 14
877 14
883 14
885 14
889 14
911 14
919 14
923 14
925 14
935 14
939 14
941 14
947 14
949 14
953 14
967 14
971 14
973 14
979 14
981 14
985 14
995 14
997 14
1001 14
1009 14
1119 14
1135 14
1143 14
1147 14
1149 14
1183 14
1199 14
1207 14
1211 14
1213 14
1231 14
1239 14
1243 14
1245 14
1255 14
1259 14
1261 14
1267 14
1269 14
1273 14
1311 14
1327 14
1335 14
1339 14
1341 14
1359 14
1367 14
1371 14
1373 14
1383 14
1387 14
1389 14
1395 14
1397 14
1401 14
1423 14
1431 14
1435 14
1437 14
1447 14
1451 14
1453 14
1459 14
1461 14
1465 14
1479 14
1483 14
1485 14
1491 14
1493 14
1497 14
1507 14
1509 14
1513 14
1591 14
1595 14
1597 14
1615 14
1623 14
1627 14
1629 14
1639 14
1643 14
1645 14
1651 14
1653 14
1657 14
1679 14
1687 14
1691 14
1693 14
1703 14
1707 14
1709 14
1715 14
1717 14
1721 14
1735 14
1739 14
1741 14
1747 14
1749 14
1753 14
1765 14
1769 14
1821 14
1831 14
1835 14
1837 14
1843 14
1845 14
1849 14
1867 14
1869 14
1875 14
1877 14
1881 14
1893 14
1897 14
1939 14
1941 14
1945 14
1957 14
1961 14
1993 14
2351 14
2359 14
2363 14
2365 14
2383 14
2391 14
2395 14
2397 14
2407 14
2411 14
2413 14
2419 14
2421 14
2455 14
2459 14
2461 14
2471 14
2475 14
2477 14
2483 14
2485 14
2507 14
2509 14
2515 14
2517 14
2533 14
2647 14
2651 14
2653 14
2663 14
2667 14
2669 14
2675 14
2677 14
2711 14
2715 14
2717 14
2727 14
2731 14
2733 14
2739 14
2741 14
2763 14
2765 14
2771 14
2773 14
2861 14
2867 14
2869 14
2893 14
2899 14
2901 14
3277 14
3285 14
3381 14
3413 14
