0.0 1.9303467878105058
0.05 1.9302692343111354
0.1 1.9299545603346413
0.15000000000000002 1.9294048213180608
0.2 1.928622902114765
0.25 1.9276124985601657
0.30000000000000004 1.9263780901346932
0.35000000000000003 1.9249249039719234
0.4 1.9232588706248284
0.45 1.9213865721618946
0.5 1.9193151833132795
0.55 1.9170524065216084
0.6000000000000001 1.9146064018691358
0.65 1.9119857129498299
0.7000000000000001 1.9091991898291174
0.75 1.9062559102837322
0.8 1.903165100538117
0.8500000000000001 1.8999360567116472
0.9 1.8965780681627062
0.9500000000000001 1.8931003438621556
1.0 1.8895119428515426
1.05 1.8858217097425443
1.1 1.8820382160962168
1.1500000000000001 1.8781697083868893
1.2000000000000002 1.8742240631093354
1.25 1.8702087494330375
1.3 1.8661307996478897
1.35 1.8619967874855385
1.4000000000000001 1.8578128142437347
1.4500000000000002 1.8535845024913193
1.5 1.8493169969924066
1.55 1.845014972363006
1.6 1.840682646864527
1.6500000000000001 1.8363238016485377
1.7000000000000002 1.831941804697334
1.75 1.827539638656387
1.8 1.8231199317279492
1.85 1.818684990789645
1.9000000000000001 1.814236835917129
1.9500000000000002 1.8097772355241157
2.0 1.80530774138469
2.0500000000000003 1.8008297228691323
2.1 1.7963443998030886
2.15 1.7918528734476067
2.2 1.7873561551913981
2.25 1.7828551926433986
2.3000000000000003 1.7783508929102474
2.35 1.7738441429366674
2.4000000000000004 1.7693358268742694
2.45 1.7648268405235317
2.5 1.7603181029627482
2.5500000000000003 1.7558105655349545
2.6 1.7513052184082394
2.6500000000000004 1.7468030949558608
2.7 1.7423052742202076
2.75 1.7378128817292855
2.8000000000000003 1.7333270889271313
2.85 1.7288491114615148
2.9000000000000004 1.7243802065453961
2.95 1.7199216695747335
3.0 1.7154748301465719
3.0500000000000003 1.711041047580254
3.1 1.7066217060033504
3.1500000000000004 1.7022182090247815
3.2 1.697831973982657
3.25 1.6934644257255074
3.3000000000000003 1.6891169898642988
3.35 1.6847910854201484
3.4000000000000004 1.6804881167896975
3.45 1.6762094649570236
3.5 1.6719564778976506
3.5500000000000003 1.6677304601459801
3.6 1.6635326615314758
3.6500000000000004 1.6593642651295817
3.7 1.6552263745191167
3.75 1.6511200004865663
3.8000000000000003 1.647046047367263
3.85 1.6430052992614468
3.9000000000000004 1.6389984064074157
3.95 1.6350258720321051
4.0 1.6310880400293486
4.05 1.6271850838360218
4.1000000000000005 1.6233169968846166
4.15 1.619483585006499
4.2 1.6156844611424166
4.25 1.611919042685581
4.3 1.6081865517381488
4.3500000000000005 1.6044860185049385
4.4 1.6008162879801069
4.45 1.5971760300049804
4.5 1.5935637526904904
4.55 1.5899778191082001
4.6000000000000005 1.5864164670625167
4.65 1.5828778316663
4.7 1.579359970355728
4.75 1.5758608899009527
4.800000000000001 1.5723785748996226
4.8500000000000005 1.5689110171833764
4.9 1.5654562455251841
4.95 1.5620123550097924
5.0 1.5585775354218188
5.050000000000001 1.5551500980170947
5.1000000000000005 1.5517285000727234
5.15 1.5483113666597084
5.2 1.544897509147696
5.25 1.5414859400327745
5.300000000000001 1.538075883774113
5.3500000000000005 1.5346667834307433
5.4 1.531258303002847
5.45 1.5278503254990548
5.5 1.5244429468687304
5.550000000000001 1.5210364660523097
5.6000000000000005 1.5176313715097054
5.65 1.5142283246830284
5.7 1.510828140932122
5.75 1.507431768546808
5.800000000000001 1.5040402664859769
5.8500000000000005 1.500654781518914
5.9 1.4972765254475782
5.95 1.4939067530695138
6.0 1.4905467415001747
6.050000000000001 1.4871977714118456
6.1000000000000005 1.4838611106659076
6.15 1.4805380007185807
6.2 1.4772296460706333
6.25 1.4739372069125292
6.300000000000001 1.4706617949922054
6.3500000000000005 1.467404472607459
6.4 1.4641662545030885
6.45 1.4609481123390085
6.5 1.4577509812935812
6.550000000000001 1.4545757682802207
6.6000000000000005 1.4514233611883698
6.65 1.44829463851475
6.7 1.4451904787295335
6.75 1.4421117687258376
6.800000000000001 1.4390594107301373
6.8500000000000005 1.4360343271051648
6.9 1.4330374625543196
6.95 1.4300697833351266
7.0 1.4271322732058438
7.050000000000001 1.4242259259601548
7.1000000000000005 1.4213517345455469
7.15 1.418510676906765
7.2 1.4157036988414233
7.25 1.4129316942953056
7.300000000000001 1.4101954836548907
7.3500000000000005 1.407495790709232
7.4 1.4048332190480037
7.45 1.4022082287333055
7.5 1.3996211141264137
7.550000000000001 1.3970719837647225
7.6000000000000005 1.3945607431670954
7.65 1.3920870813972461
7.7 1.389650462135327
7.75 1.387250119899007
7.800000000000001 1.3848850619198303
7.8500000000000005 1.3825540760220814
7.9 1.3802557446742096
7.95 1.3779884651923102
8.0 1.3757504758770442
8.05 1.3735398876658271
8.1 1.3713547206876304
8.15 1.369192944924688
8.200000000000001 1.3670525240200608
8.25 1.3649314611282406
8.3 1.3628278455929903
8.35 1.36073989915698
8.4 1.3586660203649983
8.450000000000001 1.3566048258191379
8.5 1.3545551869816936
8.55 1.352516261299735
8.6 1.3504875165431907
8.65 1.3484687474035448
8.700000000000001 1.346460083589137
8.75 1.3444619888710343
8.8 1.3424752507746383
8.85 1.3405009608701415
8.9 1.3385404858824106
8.950000000000001 1.3365954301101737
9.0 1.3346675899076308
9.05 1.3327589012308958
9.1 1.3308713814793913
9.15 1.3290070670612084
9.200000000000001 1.3271679482751484
9.25 1.3253559032250102
9.3 1.3235726325592987
9.35 1.321819596858578
9.4 1.3200979584714192
9.450000000000001 1.3184085295277246
9.5 1.3167517277362872
9.55 1.3151275414042118
9.600000000000001 1.313535504903151
9.65 1.3119746855564631
9.700000000000001 1.3104436826387278
9.75 1.3089406388719425
9.8 1.3074632644794035
9.850000000000001 1.306008873527433
9.9 1.304574431955875
9.950000000000001 1.3031566163797934
10.0 1.3017518824459136
10.05 1.3003565412565785
10.100000000000001 1.2989668421390703
10.15 1.297579059845812
10.200000000000001 1.2961895841269122
10.25 1.2947950095250522
10.3 1.2933922232066761
10.350000000000001 1.291978488664192
10.4 1.2905515232012017
10.450000000000001 1.28910956724475
10.5 1.287651443711949
10.55 1.2861766058882595
10.600000000000001 1.2846851725451165
10.65 1.283177949328349
10.700000000000001 1.281656435777756
10.75 1.280122817683572
10.8 1.2785799448381825
10.850000000000001 1.277031294591899
10.9 1.2754809219607728
10.950000000000001 1.2739333973532803
11.0 1.272393733273174
11.05 1.270867301610312
11.100000000000001 1.2693597433436246
11.15 1.2678768726453526
11.200000000000001 1.266424577489564
11.25 1.2650087189283767
11.3 1.263635031205431
11.350000000000001 1.2623090248286235
11.4 1.2610358946250104
11.450000000000001 1.2598204346535744
11.5 1.2586669616608908
11.55 1.25757924853647
11.600000000000001 1.256560468965273
11.65 1.2556131541920892
11.700000000000001 1.2547391625138773
11.75 1.2539396618099659
11.8 1.2532151251142494
11.850000000000001 1.2525653389360965
11.9 1.2519894237550266
11.950000000000001 1.2514858658552066
12.0 1.2510525594353483
12.05 1.2506868577328283
12.100000000000001 1.2503856317417414
12.15 1.250145334985997
12.200000000000001 1.2499620727321221
12.25 1.2498316739926671
12.3 1.2497497646792264
12.350000000000001 1.2497118403123875
12.4 1.2497133367814834
12.450000000000001 1.2497496977661502
12.5 1.2498164375799403
12.55 1.2499091983683739
12.600000000000001 1.2500238007844449
12.65 1.2501562874677878
12.700000000000001 1.250302958863598
12.75 1.250460401128182
12.8 1.2506255060740046
12.850000000000001 1.2507954833032129
12.9 1.2509678648600253
12.950000000000001 1.2511405028951033
13.0 1.2513115609756738
13.05 1.2514794997911256
13.100000000000001 1.251643058093337
13.15 1.251801229773102
13.200000000000001 1.2519532380085723
13.25 1.2520985074292306
13.3 1.2522366352208967
13.350000000000001 1.2523673620556184
13.4 1.2524905436675189
13.450000000000001 1.252606123814755
13.5 1.2527141092719736
13.55 1.2528145473906038
13.600000000000001 1.2529075066496052
13.65 1.252993060500604
13.700000000000001 1.2530712746921866
13.75 1.2531421981418887
13.8 1.2532058573141378
13.850000000000001 1.2532622539608078
13.9 1.253311365990429
13.950000000000001 1.2533531511543028
14.0 1.2533875531741343
14.05 1.2534145098872431
14.100000000000001 1.253433962952287
14.15 1.2534458686406789
14.200000000000001 1.2534502092359696
14.25 1.2534470045745434
14.3 1.2534363232847312
14.350000000000001 1.253418293316435
14.4 1.2533931113977916
14.450000000000001 1.2533610511074122
14.5 1.2533224693083553
14.55 1.2532778107511868
14.600000000000001 1.2532276107163527
14.65 1.2531724956286743
14.700000000000001 1.2531131816374488
14.75 1.2530504712127482
14.8 1.2529852478607735
14.850000000000001 1.2529184691074131
14.9 1.2528511579386037
14.950000000000001 1.2527843929181008
15.0 1.252719297227503
15.05 1.2526570268896677
15.100000000000001 1.2525987584451919
15.15 1.2525456763526894
15.200000000000001 1.2524989603776562
15.25 1.2524597732224871
15.3 1.252429248632386
15.350000000000001 1.2524084801893993
15.4 1.2523985109804876
15.450000000000001 1.252400324296365
15.5 1.252414835486701
15.55 1.252442885065147
15.600000000000001 1.252485233125277
15.65 1.2525425550968208
15.700000000000001 1.252615438841117
15.75 1.2527043830561868
15.8 1.2528097969357743
15.850000000000001 1.252932001003419
15.9 1.2530712290225703
15.950000000000001 1.2532276308670334
16.0 1.2534012762228328
16.05 1.253592158982924
16.1 1.2538002021900303
16.150000000000002 1.2540252633801632
16.2 1.2542671401798797
16.25 1.2545255760139604
16.3 1.2548002657865251
16.35 1.2550908614075809
16.400000000000002 1.2553969770481446
16.45 1.2557181940201643
16.5 1.256054065192173
16.55 1.256404118867505
16.6 1.2567678620687668
16.650000000000002 1.2571447831896496
16.7 1.2575343539927561
16.75 1.2579360309496097
16.8 1.2583492559360026
16.85 1.2587734563120492
16.900000000000002 1.2592080444314062
16.95 1.2596524166378034
17.0 1.2601059518190434
17.05 1.2605680095987124
17.1 1.2610379282538056
17.150000000000002 1.2615150224521428
17.2 1.261998580906662
17.25 1.262487864044482
17.3 1.2629821017868395
17.35 1.2634804915318398
17.400000000000002 1.2639821964254199
17.45 1.2644863439972172
17.5 1.2649920252274443
17.55 1.2654982940985728
17.6 1.2660041676721432
17.650000000000002 1.2665086267165717
17.7 1.2670106168969817
17.75 1.2675090505232096
17.8 1.2680028088377682
17.85 1.2684907448120872
17.900000000000002 1.2689716864073108
17.95 1.2694444402456313
18.0 1.269907795630055
18.05 1.270360528844821
18.1 1.270801407665706
18.150000000000002 1.2712291960092668
18.2 1.271642658652729
18.25 1.2720405659616576
18.3 1.2724216985705885
18.35 1.2727848519721796
18.400000000000002 1.2731288409827815
18.45 1.2734525040662044
18.5 1.2737547075123317
18.55 1.2740343494824964
18.6 1.2742903639486056
18.650000000000002 1.2745217245672122
18.7 1.274727448542426
18.75 1.2749066005421548
18.8 1.27505829674007
18.85 1.2751817090603927
18.900000000000002 1.2752760697037173
18.95 1.275340676029306
19.0 1.275374895862399
19.05 1.275378173284079
19.1 1.275350034946174
19.150000000000002 1.2752900969347936
19.200000000000003 1.275198072183817
19.25 1.2750737784143726
19.3 1.2749171465488354
19.35 1.2747282295187568
19.400000000000002 1.274507211356297
19.450000000000003 1.274254416429093
19.5 1.2739703186498783
19.55 1.2736555504656915
19.6 1.2733109114079662
19.650000000000002 1.2729373759651756
19.700000000000003 1.2725361005247944
19.75 1.2721084291219134
19.8 1.2716558977285044
19.85 1.2711802368205367
19.900000000000002 1.2706833719703232
19.950000000000003 1.2701674222286266
20.0 1.2696346960853273
20.05 1.2690876848285404
20.1 1.2685290531595808
20.150000000000002 1.267961626964663
20.200000000000003 1.2673883781927873
20.25 1.26681240684217
20.3 1.2662369201137251
20.35 1.265665208848366
20.400000000000002 1.2651006214240659
20.450000000000003 1.2645465353474021
20.5 1.2640063268313608
20.55 1.2634833387052087
20.6 1.2629808470519306
20.650000000000002 1.2625020270128058
20.700000000000003 1.2620499182360958
20.75 1.261627390476369
20.8 1.261237109871915
20.85 1.2608815064391572
20.900000000000002 1.2605627433245177
20.950000000000003 1.2602826883453255
21.0 1.2600428883320656
21.05 1.2598445467545356
21.1 1.2596885050746134
21.150000000000002 1.2595752282188646
21.200000000000003 1.2595047945058149
21.25 1.2594768902963482
21.3 1.2594908095624093
21.35 1.259545458490312
21.400000000000002 1.2596393651518882
21.450000000000003 1.2597706941909301
21.5 1.2599372663856074
21.55 1.2601365828613773
21.6 1.2603658536450721
21.650000000000002 1.2606220301710698
21.700000000000003 1.2609018412763637
21.75 1.2612018321544998
21.8 1.2615184056802524
21.85 1.2618478654688399
21.900000000000002 1.2621864599965886
21.950000000000003 1.2625304270852211
22.0 1.262876038040017
22.05 1.2632196407334817
22.1 1.2635577009410777
22.150000000000002 1.263886841263932
22.200000000000003 1.2642038770148432
22.25 1.2645058484978957
22.3 1.264790049177414
22.35 1.2650540493079598
22.400000000000002 1.265295714681935
22.450000000000003 1.2655132202437023
22.5 1.2657050584169873
22.55 1.2658700420938185
22.6 1.2660073023362624
22.650000000000002 1.26611628094458
22.700000000000003 1.2661967181449487
22.75 1.2662486357444416
22.8 1.2662723161883762
22.85 1.2662682780335017
22.900000000000002 1.2662372484179452
22.950000000000003 1.2661801331637956
23.0 1.2660979851892997
23.05 1.265991971933876
23.1 1.2658633425097114
23.150000000000002 1.2657133952883002
23.200000000000003 1.2655434466088673
23.25 1.265354801258533
23.3 1.2651487253221716
23.35 1.2649264219341687
23.400000000000002 1.2646890103863455
23.450000000000003 1.2644375089578
23.5 1.2641728217355754
23.55 1.2638957295920985
23.6 1.2636068853787998
23.650000000000002 1.2633068132879253
23.700000000000003 1.2629959122288645
23.75 1.2626744629641586
23.8 1.2623426386562806
23.85 1.2620005183917824
23.900000000000002 1.261648103176758
23.950000000000003 1.2612853338387437
24.0 1.2609121102268117
24.05 1.2605283110749526
24.1 1.260133813884758
24.150000000000002 1.259728514192173
24.200000000000003 1.2593123436096458
24.25 1.2588852860787227
24.3 1.258447391827876
24.35 1.2579987886046387
24.400000000000002 1.2575396898378837
24.450000000000003 1.2570703994830539
24.5 1.2565913134075368
24.55 1.256102917282383
24.6 1.2556057810569452
24.650000000000002 1.2551005502017243
24.700000000000003 1.254587934008454
24.75 1.254068691332198
24.8 1.253543614245082
24.85 1.2530135101425937
24.900000000000002 1.2524791828988444
24.950000000000003 1.251941413705047
25.0 1.2514009422442436
25.05 1.2508584488542536
25.1 1.2503145383096732
25.150000000000002 1.249769725812774
25.200000000000003 1.2492244257233096
25.25 1.2486789434800227
25.3 1.2481334710740133
25.35 1.2475880863286342
25.400000000000002 1.2470427561251172
25.450000000000003 1.246497343591004
25.5 1.245951619143111
25.55 1.2454052751519493
25.6 1.2448579438738865
25.650000000000002 1.2443092181846485
25.700000000000003 1.2437586745463498
25.75 1.2432058975535423
25.8 1.2426505053344197
25.85 1.2420921750338938
25.900000000000002 1.241530667577502
25.950000000000003 1.2409658509103172
26.0 1.2403977209238544
26.05 1.2398264193262827
26.1 1.2392522477763663
26.150000000000002 1.2386756776880556
26.200000000000003 1.238097355218445
26.25 1.237518101074306
26.3 1.2369389049083879
26.35 1.2363609142225822
26.400000000000002 1.235785417846879
26.450000000000003 1.23521382421664
26.5 1.2346476348217839
26.55 1.2340884133456798
26.6 1.2335377511447343
26.650000000000002 1.2329972298379215
26.700000000000003 1.2324683818752362
26.75 1.2319526500321847
26.8 1.2314513468314572
26.85 1.230965614920903
26.900000000000002 1.230496389437729
26.950000000000003 1.230044363361992
27.0 1.2296099568082854
27.05 1.2291932911241386
27.1 1.2287941685588513
27.150000000000002 1.228412058139818
27.200000000000003 1.2280460882480673
27.25 1.2276950462242993
27.3 1.2273573851655466
27.35 1.2270312378949366
27.400000000000002 1.226714437907819
27.450000000000003 1.2264045469213631
27.5 1.226098888486478
27.55 1.2257945869650118
27.6 1.2254886110359688
27.650000000000002 1.2251778207757082
27.700000000000003 1.2248590172620084
27.75 1.2245289935832293
27.8 1.2241845860933733
27.85 1.2238227247430118
27.900000000000002 1.2234404813349715
27.950000000000003 1.2230351146021519
28.0 1.222604111081541
28.05 1.2221452208614725
28.1 1.221656487405774
28.150000000000002 1.2211362708053826
28.200000000000003 1.220583263971367
28.25 1.219996501458892
28.3 1.2193753607948343
28.35 1.2187195563677433
28.400000000000002 1.2180291261228167
28.450000000000003 1.2173044114817204
28.5 1.216546031072859
28.55 1.2157548490078531
28.6 1.214931938570671
28.650000000000002 1.2140785422938116
28.700000000000003 1.2131960294784556
28.75 1.2122858522706135
28.8 1.2113495014317652
28.85 1.210388462939737
28.900000000000002 1.2094041765239452
28.950000000000003 1.2083979971796102
29.0 1.2073711606198425
29.05 1.2063247535150357
29.1 1.2052596892387504
29.150000000000002 1.2041766896917134
29.200000000000003 1.2030762736146288
29.25 1.2019587516303574
29.3 1.200824228081179
29.35 1.1996726095516304
29.400000000000002 1.1985036197964314
29.450000000000003 1.197316820630408
29.5 1.1961116381872463
29.55 1.1948873938199245
29.6 1.193643338801099
29.650000000000002 1.1923786918891637
29.700000000000003 1.1910926787573715
29.75 1.1897845722406977
29.8 1.1884537323389304
29.85 1.1870996449249398
29.900000000000002 1.1857219581436824
29.950000000000003 1.184320515549125
30.0 1.1828953851111645
30.05 1.1814468833304819
30.1 1.179975593823309
30.150000000000002 1.1784823798771091
30.200000000000003 1.1769683906286434
30.25 1.1754350606740365
30.3 1.1738841030823242
30.35 1.1723174959456555
30.400000000000002 1.1707374627567788
30.450000000000003 1.1691464470540065
30.5 1.167547081911838
30.55 1.1659421549786306
30.6 1.1643345698682224
30.650000000000002 1.162727304797811
30.700000000000003 1.1611233694277243
30.75 1.1595257608985552
30.8 1.1579374200767243
30.85 1.1563611890105072
30.900000000000002 1.1547997705653803
30.950000000000003 1.1532556911509984
31.0 1.1517312673737996
31.05 1.150228577350984
31.1 1.1487494373060094
31.150000000000002 1.147295383935526
31.200000000000003 1.1458676628960986
31.25 1.1444672236095732
31.3 1.1430947204321338
31.35 1.141750520077775
31.400000000000002 1.1404347150357435
31.450000000000003 1.139147142577193
31.5 1.1378874088123556
31.55 1.1366549171391123
31.6 1.1354489003199983
31.650000000000002 1.1342684553397948
31.700000000000003 1.1331125801320634
31.75 1.1319802112218054
31.8 1.130870261313866
31.85 1.1297816558631653
31.900000000000002 1.1287133676931855
31.950000000000003 1.1276644487826095
32.0 1.1266340584152805
32.050000000000004 1.1256214869838785
32.1 1.1246261748505597
32.15 1.123647725795463
32.2 1.1226859147233508
32.25 1.1217406894462378
32.300000000000004 1.1208121665120312
32.35 1.1199006212022204
32.4 1.1190064719716712
32.45 1.1181302597469533
32.5 1.1172726226327305
32.550000000000004 1.1164342666953124
32.6 1.115615933595577
32.65 1.1148183659274689
32.7 1.1140422711811955
32.75 1.113288285290474
32.800000000000004 1.112556936739722
32.85 1.1118486121996305
32.9 1.111163524628182
32.95 1.1105016847198204
33.0 1.1098628765093708
33.050000000000004 1.1092466378414714
33.1 1.1086522463029838
33.15 1.1080787110880057
33.2 1.1075247711257432
33.25 1.10698889965417
33.300000000000004 1.10646931527055
33.35 1.1059639993373207
33.4 1.1054707194721203
33.45 1.1049870587074808
33.5 1.1045104497723086
33.550000000000004 1.1040382138267502
33.6 1.1035676028772554
33.65 1.103095845011865
33.7 1.1026201915288616
33.75 1.1021379649863325
33.800000000000004 1.1016466071766853
33.85 1.1011437260290893
33.9 1.1006271404638772
33.95 1.1000949222654155
34.0 1.0995454341025408
34.050000000000004 1.0989773629066593
34.1 1.0983897479148805
34.15 1.0977820027966887
34.2 1.097153931404865
34.25 1.0965057368218023
34.300000000000004 1.09583802350792
34.35 1.0951517924965533
34.4 1.0944484297163979
34.45 1.0937296876554357
34.5 1.0929976607064873
34.550000000000004 1.0922547546516461
34.6 1.0915036508486062
34.65 1.0907472657744428
34.7 1.089988706660207
34.75 1.0892312240115944
34.800000000000004 1.0884781618562687
34.85 1.087732906586685
34.9 1.086998835278645
34.95 1.0862792643605657
35.0 1.0855773994873625
35.050000000000004 1.0848962874368917
35.1 1.0842387707973709
35.15 1.0836074461524774
35.2 1.083004626398669
35.25 1.0824323077482791
35.300000000000004 1.0818921418840144
35.35 1.0813854136373937
35.4 1.080913024467279
35.45 1.0804754819166171
35.5 1.0800728951276288
35.550000000000004 1.0797049763994016
35.6 1.0793710486786363
35.65 1.0790700587854576
35.7 1.0788005960928084
35.75 1.078560916301053
35.800000000000004 1.0783489698797515
35.85 1.0781624346869045
35.9 1.077998752222718
35.95 1.0778551669306518
36.0 1.077728767923301
36.050000000000004 1.0776165324848248
36.1 1.0775153706851612
36.15 1.0774221704341573
36.2 1.0773338423058612
36.25 1.077247363474418
36.300000000000004 1.077159820122943
36.35 1.0770684477151349
36.4 1.0769706685557865
36.45 1.0768641261102272
36.5 1.076746715603601
36.550000000000004 1.0766166104779717
36.6 1.0764722843479577
36.65 1.0763125281630073
36.7 1.0761364623557308
36.75 1.0759435438299236
36.800000000000004 1.0757335677180053
36.85 1.075506663914545
36.9 1.075263288469216
36.95 1.0750042099977313
37.0 1.0747304913420324
37.050000000000004 1.0744434667800233
37.1 1.0741447151493908
37.15 1.073836029308538
37.2 1.0735193824094238
37.25 1.0731968915012824
37.300000000000004 1.0728707790201266
37.35 1.072543332746031
37.4 1.0722168648280233
37.45 1.0718936704847821
37.5 1.071575986988169
37.550000000000004 1.0712659535260176
37.6 1.0709655725209113
37.65 1.0706766729533246
37.7 1.070400876201154
37.75 1.0701395648640475
37.800000000000004 1.0698938549910384
37.85 1.0696645720746947
37.9 1.0694522311154755
37.95 1.069257020997325
38.0 1.0690787933508779
38.050000000000004 1.068917056015139
38.1 1.0687709711432818
38.15 1.068639357934279
38.2 1.0685206999104548
38.25 1.0684131566026052
38.300000000000004 1.068314579449819
38.35 1.0682225316712417
38.400000000000006 1.068134311822234
38.45 1.0680469807081017
38.5 1.0679573912950984
38.550000000000004 1.0678622212308233
38.6 1.0677580075645297
38.650000000000006 1.0676411832421162
38.7 1.0675081149405534
38.75 1.0673551418019316
38.800000000000004 1.0671786146279476
38.85 1.0669749351010602
38.900000000000006 1.066740594608442
38.95 1.0664722122587555
39.0 1.0661665716993511
39.050000000000004 1.065820656362266
39.1 1.0654316827910317
39.150000000000006 1.064997131726399
39.2 1.0645147766572653
39.25 1.063982709573043
39.300000000000004 1.0633993636851091
39.35 1.0627635329174585
39.400000000000006 1.0620743880000543
39.45 1.061331489032283
39.5 1.0605347944180765
39.550000000000004 1.0596846661085113
39.6 1.0587818711216228
39.650000000000006 1.0578275793426424
39.7 1.0568233576405521
39.75 1.0557711603685376
39.800000000000004 1.0546733163463593
39.85 1.0535325124516148
39.900000000000006 1.0523517739741552
39.95 1.0511344419133333
40.0 1.049884147421166
40.050000000000004 1.0486047836157604
40.1 1.047300475008421
40.150000000000006 1.0459755448046595
40.2 1.0446344803538998
40.25 1.0432818970350464
40.300000000000004 1.0419225008753397
40.35 1.0405610502081808
40.400000000000006 1.0392023166820148
40.45 1.037851045937051
40.5 1.036511918269728
40.550000000000004 1.0351895096065709
40.6 1.033888253109497
40.650000000000006 1.0326124017338432
40.7 1.031365992058428
40.75 1.0301528097037673
40.800000000000004 1.0289763566500927
40.85 1.0278398207608963
40.900000000000006 1.0267460478101123
40.95 1.0256975163014652
41.0 1.0246963153566477
41.050000000000004 1.0237441259344044
41.1 1.0228422056249493
41.150000000000006 1.0219913772429936
41.2 1.0211920214176335
41.25 1.0204440733481395
41.300000000000004 1.0197470238610002
41.35 1.019099924865324
41.400000000000006 1.018501399260812
41.45 1.0179496553051481
41.5 1.0174425053961302
41.550000000000004 1.016977389168608
41.6 1.0165514007480727
41.650000000000006 1.0161613199423174
41.7 1.0158036470910723
41.75 1.0154746412320708
41.800000000000004 1.015170361181984
41.85 1.0148867090734723
41.900000000000006 1.0146194758368314
41.95 1.0143643880677515
42.0 1.0141171556832091
42.050000000000004 1.013873519736761
42.1 1.0136292997438818
42.150000000000006 1.0133804398585355
42.2 1.0131230532447855
42.25 1.0128534640025417
42.300000000000004 1.0125682460347705
42.35 1.012264258284647
42.400000000000006 1.0119386758247855
42.45 1.0115890163460843
42.5 1.0112131616697793
42.550000000000004 1.010809373991518
42.6 1.0103763066589417
42.650000000000006 1.0099130093823345
42.7 1.0094189278791525
42.75 1.008893898055288
42.800000000000004 1.0083381349262615
42.85 1.0077522165777202
42.900000000000006 1.0071370635541719
42.95 1.006493914145535
43.0 1.005824296110773
43.050000000000004 1.0051299954347255
43.1 1.0044130227568713
43.150000000000006 1.0036755781379814
43.2 1.0029200148418709
43.25 1.0021488028044483
43.300000000000004 1.0013644924413267
43.35 1.0005696794090824
43.400000000000006 0.9997669708849862
43.45 0.9989589538673169
43.5 0.9981481659250803
43.550000000000004 0.9973370687444242
43.6 0.9965280247316839
43.650000000000006 0.9957232768425271
43.7 0.9949249317157929
43.75 0.9941349461020484
43.800000000000004 0.9933551164932831
43.85 0.9925870717838963
43.900000000000006 0.9918322687264657
43.95 0.9910919898904831
44.0 0.9903673437898058
44.050000000000004 0.9896592668159703
44.1 0.9889685266003185
44.150000000000006 0.9882957264280773
44.2 0.9876413103417131
44.25 0.9870055685980681
44.300000000000004 0.9863886431826322
44.35 0.9857905331330106
44.400000000000006 0.9852110994801054
44.45 0.9846500696773796
44.5 0.984107041453243
44.550000000000004 0.9835814860864599
44.6 0.9830727511668922
44.650000000000006 0.9825800629613382
44.7 0.9821025285543526
44.75 0.9816391379746814
44.800000000000004 0.9811887665476261
44.85 0.9807501777309622
44.900000000000006 0.9803220266961649
44.95 0.9799028649073445
45.0 0.9794911459276499
45.050000000000004 0.9790852326477031
45.1 0.9786834060840925
45.150000000000006 0.9782838758397479
45.2 0.9778847922542251
45.25 0.9774842602029475
45.300000000000004 0.9770803544329022
45.35 0.9766711362509848
45.400000000000006 0.976254671312959
45.45 0.9758290481985771
45.5 0.9753923974044879
45.550000000000004 0.9749429103433976
45.6 0.9744788579076111
45.650000000000006 0.9739986081390999
45.7 0.9735006425476849
45.75 0.9729835706343468
45.800000000000004 0.9724461422079548
45.85 0.9718872571303249
45.900000000000006 0.971305972185172
45.95 0.9707015048395666
46.0 0.9700732337496709
46.050000000000004 0.9694206959532734
46.1 0.9687435807869733
46.150000000000006 0.9680417206626705
46.2 0.9673150789330391
46.25 0.9665637351656516
46.300000000000004 0.9657878682272429
46.35 0.9649877376503815
46.400000000000006 0.9641636638119979
46.45 0.963316007494686
46.5 0.9624451494258395
46.550000000000004 0.9615514703955084
46.6 0.96063533254093
46.650000000000006 0.9596970623542198
46.7 0.9587369359206213
46.75 0.9577551668293947
46.800000000000004 0.9567518971199825
46.85 0.9557271915349773
46.900000000000006 0.954681035251609
46.95 0.9536133351581817
47.0 0.95252392463451
47.050000000000004 0.9514125716895304
47.1 0.9502789902081871
47.150000000000006 0.9491228539668894
47.2 0.9479438129951165
47.25 0.9467415117928669
47.300000000000004 0.9455156088616551
47.35 0.9442657969722834
47.400000000000006 0.9429918235765984
47.45 0.9416935107732616
47.5 0.9403707742588969
47.550000000000004 0.939023640734878
47.6 0.9376522632950111
47.650000000000006 0.9362569343883117
47.7 0.9348380960315373
47.75 0.9333963470351336
47.800000000000004 0.9319324471007225
47.85 0.9304473177448577
47.900000000000006 0.9289420400991478
47.95 0.9274178497278549
48.0 0.9258761286875651
48.050000000000004 0.9243183951268578
48.1 0.9227462907847312
48.150000000000006 0.9211615667929952
48.2 0.9195660682186778
48.25 0.9179617177969355
48.300000000000004 0.9163504993029346
48.35 0.9147344409931334
48.400000000000006 0.9131155995134024
48.45 0.9114960446250483
48.5 0.9098778450421189
48.550000000000004 0.908263055606746
48.6 0.9066537059565041
48.650000000000006 0.9050517907616824
48.7 0.9034592615340493
48.75 0.9018780199350097
48.800000000000004 0.9003099124429451
48.85 0.8987567261795394
48.900000000000006 0.8972201856452889
48.95 0.8957019500771137
49.0 0.8942036111173643
49.050000000000004 0.8927266904744724
49.1 0.8912726372614084
49.150000000000006 0.8898428247187027
49.2 0.888438546063381
49.25 0.8870610092525018
49.300000000000004 0.8857113305082805
49.35 0.8843905265190228
49.400000000000006 0.8830995053037218
49.45 0.8818390558056006
49.5 0.8806098363582083
49.550000000000004 0.8794123622440825
49.6 0.8782469926375738
49.650000000000006 0.8771139172876166
49.7 0.876013143350425
49.75 0.8749444828243238
49.800000000000004 0.873907541067308
49.85 0.8729017068912474
49.900000000000006 0.8719261447240272
49.95 0.8709797893120792
50.0 0.8700613434008484
