0.0 0.6193973157769668
0.01 0.6197682764060676
0.02 0.6200785563523591
0.03 0.6203280953804071
0.04 0.6205168535523288
0.05 0.6206448112730271
0.06 0.62071196932454
0.07 0.620718348889416
0.08 0.6206639915630681
0.09 0.6205489593549952
0.1 0.6203733346788435
0.11 0.6201372203312534
0.12 0.619840739459437
0.13 0.6194840355174834
0.14 0.6190672722113283
0.15 0.6185906334324472
0.16 0.6180543231802146
0.17 0.617458565472966
0.18 0.6168036042477903
0.19 0.6160897032490811
0.2 0.615317145905896
0.21 0.6144862351981931
0.22 0.6135972935119645
0.23 0.6126506624834055
0.24 0.6116467028321844
0.25 0.6105857941838875
0.26 0.6094683348818019
0.27 0.6082947417880923
0.28 0.607065450074568
0.29 0.6057809130031475
0.3 0.60444160169614
0.31 0.6030480048966014
0.32 0.6016006287188219
0.33 0.6000999963892062
0.34 0.5985466479777019
0.35000000000000003 0.5969411401200061
0.36 0.5952840457306974
0.37 0.5935759537075683
0.38 0.5918174686273797
0.39 0.5900092104332271
0.4 0.5881518141137998
0.41000000000000003 0.5862459293747755
0.42 0.5842922203025869
0.43 0.5822913650208323
0.44 0.5802440553396281
0.45 0.5781509963981317
0.46 0.5760129063005259
0.47000000000000003 0.5738305157457969
0.48 0.5716045676515287
0.49 0.5693358167720524
0.5 0.5670250293112613
0.51 0.5646729825303435
0.52 0.5622804643508014
0.53 0.5598482729530149
0.54 0.5573772163707186
0.55 0.5548681120816332
0.56 0.5523217865946533
0.5700000000000001 0.5497390750338412
0.58 0.5471208207195791
0.59 0.5444678747472114
0.6 0.5417810955634509
0.61 0.5390613485409479
0.62 0.5363095055512248
0.63 0.533526444536434
0.64 0.5307130490801367
0.65 0.5278702079774876
0.66 0.5249988148051307
0.67 0.5220997674910748
0.68 0.5191739678849189
0.6900000000000001 0.5162223213286788
0.7000000000000001 0.5132457362285366
0.71 0.5102451236278327
0.72 0.5072213967815449
0.73 0.5041754707325816
0.74 0.5011082618901577
0.75 0.4980206876105281
0.76 0.4949136657803562
0.77 0.49178811440298575
0.78 0.4886449511878606
0.79 0.4854850931433778
0.8 0.48230945617337695
0.81 0.4791189546775464
0.8200000000000001 0.47591450115595896
0.8300000000000001 0.4726970058179628
0.84 0.46946737619566825
0.85 0.46622651676219495
0.86 0.4629753285549393
0.87 0.4597147088040175
0.88 0.45644555056608127
0.89 0.45316874236369703
0.9 0.4498851678304437
0.91 0.4465957053619142
0.92 0.44330122777274594
0.93 0.4400026019598301
0.9400000000000001 0.43670068857189687
0.9500000000000001 0.4333963416855115
0.96 0.4300904084876579
0.97 0.4267837289650378
0.98 0.4234771356001472
0.99 0.42017145307426146
1.0 0.41686749797737493
1.01 0.4135660785252242
1.02 0.4102679942834612
1.03 0.4069740358989872
1.04 0.4036849848385679
1.05 0.400401613134745
1.06 0.39712468313908467
1.07 0.39385494728283826
1.08 0.3905931478449569
1.09 0.3873400167275898
1.1 0.38409627523896966
1.11 0.38086263388378816
1.12 0.3776397921609831
1.1300000000000001 0.3744284383689867
1.1400000000000001 0.37122924941841734
1.1500000000000001 0.3680428906521233
1.16 0.3648700156726819
1.17 0.36171126617720806
1.18 0.358567271799536
1.19 0.355438649959627
1.2 0.3523260057202821
1.21 0.3492299316510127
1.22 0.34615100769908325
1.23 0.3430898010676299
1.24 0.34004686610081175
1.25 0.3370227441759578
1.26 0.3340179636026117
1.27 0.3310330395283918
1.28 0.32806847385167864
1.29 0.3251247551409659
1.3 0.3222023585608415
1.31 0.31930174580454407
1.32 0.31642336503297924
1.33 0.3135676508201508
1.34 0.31073502410490494
1.35 0.30792589214891336
1.36 0.3051406485008409
1.37 0.3023796729665719
1.3800000000000001 0.2996433315854845
1.3900000000000001 0.2969319766125935
1.4000000000000001 0.2942459465065823
1.41 0.2915855659235987
1.42 0.28895114571672037
1.43 0.2863429829410721
1.44 0.28376136086443443
1.45 0.2812065489833562
1.46 0.2786788030446399
1.47 0.27617836507214494
1.48 0.27370546339885227
1.49 0.27126031270409207
1.5 0.2688431140558874
1.51 0.2664540549583679
1.52 0.26409330940414294
1.53 0.2617610379316064
1.54 0.2594573876871061
1.55 0.2571824924919288
1.56 0.2549364729140282
1.57 0.2527194363444406
1.58 0.25053147707838486
1.59 0.24837267640090718
1.6 0.24624310267713262
1.61 0.24414281144697372
1.62 0.24207184552433447
1.6300000000000001 0.24003023510070975
1.6400000000000001 0.2380179978531845
1.6500000000000001 0.23603513905675752
1.6600000000000001 0.2340816517009822
1.67 0.23215751661086131
1.68 0.2302627025719866
1.69 0.22839716645987812
1.7 0.22656085337348136
1.71 0.22475369677280946
1.72 0.22297561862069093
1.73 0.22122652952859084
1.74 0.21950632890648752
1.75 0.2178149051167287
1.76 0.21615213563193988
1.77 0.21451788719681905
1.78 0.21291201599391218
1.79 0.2113343678132578
1.8 0.20978477822590236
1.81 0.2082630727612415
1.82 0.2067690670881842
1.83 0.20530256720006076
1.84 0.20386336960325246
1.85 0.20245126150953655
1.86 0.2010660210320673
1.87 0.19970741738497577
1.8800000000000001 0.19837521108651673
1.8900000000000001 0.19706915416574186
1.9000000000000001 0.19578899037265352
1.9100000000000001 0.1945344553917596
1.92 0.19330527705899958
1.93 0.1921011755819634
1.94 0.19092186376334078
1.95 0.1897670472275888
1.96 0.1886364246506435
1.97 0.18752968799271516
1.98 0.18644652273400114
1.99 0.18538660811329688
2.0 0.184349617369374
2.0100000000000002 0.1833352179850688
2.02 0.18234307193397353
2.0300000000000002 0.18137283592962347
2.04 0.18042416167707767
2.05 0.17949669612680297
2.06 0.1785900817307346
2.07 0.1777039567003918
2.08 0.1768379552669143
2.09 0.1759917079429298
2.1 0.1751648417860902
2.11 0.17435698066412672
2.12 0.17356774552132376
2.13 0.17279675464621766
2.14 0.17204362394040185
2.15 0.1713079671882789
2.16 0.17058939632755393
2.17 0.16988752172036112
2.18 0.1692019524248285
2.19 0.1685322964669091
2.2 0.16787816111226075
2.21 0.16723915313807344
2.22 0.1666148791045747
2.23 0.16600494562608972
2.24 0.16540895964136426
2.25 0.164826528683098
2.2600000000000002 0.16425726114634528
2.27 0.16370076655567342
2.2800000000000002 0.16315665583080752
2.29 0.16262454155060915
2.3000000000000003 0.16210403821513475
2.31 0.16159476250559587
2.32 0.1610963335419576
2.33 0.16060837313800913
2.34 0.16013050605367185
2.35 0.1596623602443176
2.36 0.15920356710686415
2.37 0.1587537617224979
2.38 0.15831258309571725
2.39 0.15787967438951844
2.4 0.15745468315654246
2.41 0.15703726156590234
2.42 0.156627066625517
2.43 0.15622376039973512
2.44 0.15582701022202683
2.45 0.15543648890254874
2.46 0.15505187493037273
2.47 0.15467285267018485
2.48 0.15429911255323747
2.49 0.15393035126240007
2.5 0.15356627191106254
2.5100000000000002 0.15320658421579095
2.52 0.15285100466244542
2.5300000000000002 0.15249925666572572
2.54 0.15215107072184691
2.5500000000000003 0.15180618455425324
2.56 0.15146434325222932
2.57 0.15112529940220235
2.58 0.1507888132116605
2.59 0.15045465262550575
2.6 0.15012259343473786
2.61 0.1497924193773673
2.62 0.1494639222314107
2.63 0.1491369018999068
2.64 0.14881116648782977
2.65 0.14848653237086232
2.66 0.14816282425590757
2.67 0.14783987523330858
2.68 0.14751752682070648
2.69 0.14719562899851218
2.7 0.14687404023693762
2.71 0.14655262751457243
2.72 0.1462312663285091
2.73 0.1459098406959822
2.74 0.14558824314756452
2.75 0.14526637471191411
2.7600000000000002 0.1449441448921031
2.77 0.144621471633611
2.7800000000000002 0.14429828128396285
2.79 0.1439745085441307
2.8000000000000003 0.1436500964117572
2.81 0.14332499611626762
2.82 0.14299916704598764
2.83 0.1426725766673647
2.84 0.14234520043639423
2.85 0.14201702170240718
2.86 0.1416880316043146
2.87 0.1413582289594978
2.88 0.14102762014547468
2.89 0.14069621897450432
2.9 0.14036404656132975
2.91 0.14003113118422078
2.92 0.1396975081395241
2.93 0.13936321958991188
2.94 0.1390283144065622
2.95 0.13869284800545925
2.96 0.13835688217807987
2.97 0.13802048491664826
2.98 0.13768373023427535
2.99 0.13734669798015864
3.0 0.13700947365014887
3.0100000000000002 0.13667214819291926
3.02 0.13633481781202436
3.0300000000000002 0.13599758376410073
3.04 0.13566055215351286
3.0500000000000003 0.13532383372371304
3.06 0.13498754364560106
3.0700000000000003 0.13465180130317486
3.08 0.13431673007677952
3.09 0.13398245712425044
3.1 0.1336491131602179
3.11 0.1333168322339237
3.12 0.13298575150581127
3.13 0.13265601102321964
3.14 0.13232775349547898
3.15 0.13200112406868983
3.16 0.13167627010052987
3.17 0.13135334093535306
3.18 0.1310324876798988
3.19 0.1307138629799158
3.2 0.13039762079798117
3.21 0.13008391619281326
3.22 0.12977290510038356
3.23 0.12946474411708372
3.24 0.12915959028525673
3.25 0.12885760088134535
3.2600000000000002 0.12855893320695486
3.27 0.1282637443830688
3.2800000000000002 0.12797219114769767
3.29 0.12768442965720367
3.3000000000000003 0.12740061529153413
3.31 0.12712090246363045
3.3200000000000003 0.12684544443323098
3.33 0.12657439312526797
3.34 0.12630789895310574
3.35 0.1260461106468082
3.36 0.12578917508662452
3.37 0.12553723714189802
3.38 0.12529043951555163
3.39 0.12504892259434694
3.4 0.12481282430502855
3.41 0.1245822799765435
3.42 0.12435742220844945
3.43 0.12413838074562683
3.44 0.12392528235943241
3.45 0.12371825073535657
3.46 0.12351740636732803
3.47 0.12332286645869234
3.48 0.12313474482995965
3.49 0.12295315183337183
3.5 0.12277819427431941
3.5100000000000002 0.12260997533966395
3.52 0.12244859453295719
3.5300000000000002 0.12229414761658462
3.54 0.1221467265608214
3.5500000000000003 0.12200641949978559
3.56 0.12187331069427192
3.5700000000000003 0.12174748050138827
3.58 0.12162900535100697
3.59 0.12151795772891173
3.6 0.12141440616659949
3.61 0.12131841523764504
3.62 0.12123004556052895
3.63 0.12114935380782627
3.64 0.1210763927216571
3.65 0.12101121113524196
3.66 0.12095385400044426
3.67 0.12090436242116717
3.68 0.12086277369243474
3.69 0.12082912134498848
3.7 0.12080343519525084
3.71 0.12078574140046192
3.72 0.12077606251880016
3.73 0.12077441757430461
3.74 0.12078082212638357
3.75 0.12079528834372243
3.7600000000000002 0.12081782508233725
3.77 0.12084843796761639
3.7800000000000002 0.12088712948005424
3.79 0.12093389904450998
3.8000000000000003 0.12098874312271803
3.81 0.1210516553088194
3.8200000000000003 0.12112262642769926
3.83 0.12120164463583183
3.84 0.1212886955244497
3.85 0.12138376222474609
3.86 0.1214868255148556
3.87 0.12159786392840945
3.88 0.12171685386436036
3.89 0.1218437696978517
3.9 0.12197858389187108
3.91 0.12212126710944383
3.92 0.12227178832612133
3.93 0.12243011494249234
3.94 0.12259621289650283
3.95 0.12277004677532065
3.96 0.12295157992652873
3.97 0.12314077456836413
3.98 0.12333759189883453
3.99 0.12354199220344246
4.0 0.12375393496129149
4.01 0.12397337894939771
4.0200000000000005 0.12420028234494565
4.03 0.12443460282533733
4.04 0.12467629766576296
4.05 0.1249253238341813
4.0600000000000005 0.12518163808347965
4.07 0.12544519704063717
4.08 0.12571595729272714
4.09 0.125993875469613
4.1 0.12627890832316407
4.11 0.12657101280283903
4.12 0.12687014612754083
4.13 0.12717626585357347
4.14 0.12748932993859563
4.15 0.12780929680149003
4.16 0.12813612537799737
4.17 0.1284697751720748
4.18 0.128810206302876
4.19 0.12915737954727424
4.2 0.12951125637789374
4.21 0.12987179899658585
4.22 0.13023897036330517
4.23 0.1306127342203637
4.24 0.13099305511203935
4.25 0.13137989839953765
4.26 0.13177323027129875
4.2700000000000005 0.13217301774865203
4.28 0.13257922868685618
4.29 0.1329918317715567
4.3 0.13341079651065935
4.3100000000000005 0.1338360932217356
4.32 0.13426769301493938
4.33 0.13470556777158676
4.34 0.13514969011838887
4.3500000000000005 0.1356000333975091
4.36 0.1360565716324482
4.37 0.1365192794899359
4.38 0.13698813223789372
4.39 0.1374631056995974
4.4 0.13794417620417726
4.41 0.1384313205335471
4.42 0.13892451586595583
4.43 0.13942373971625835
4.44 0.1399289698730867
4.45 0.1404401843330707
4.46 0.14095736123224695
4.47 0.14148047877485273
4.48 0.14200951515967203
4.49 0.14254444850409825
4.5 0.14308525676608957
4.51 0.14363191766421501
4.5200000000000005 0.14418440859597426
4.53 0.14474270655456564
4.54 0.14530678804431377
4.55 0.1458766289949323
4.5600000000000005 0.14645220467482542
4.57 0.14703348960361548
4.58 0.14762045746412072
4.59 0.14821308101392594
4.6000000000000005 0.14881133199679478
4.61 0.1494151810540849
4.62 0.15002459763637727
4.63 0.15063954991552042
4.64 0.15126000469724601
4.65 0.15188592733458042
4.66 0.1525172816422213
4.67 0.1531540298120708
4.68 0.1537961323300987
4.69 0.15444354789472103
4.7 0.15509623333684622
4.71 0.15575414354178152
4.72 0.1564172313731711
4.73 0.15708544759906845
4.74 0.15775874082037727
4.75 0.15843705740173722
4.76 0.15912034140504588
4.7700000000000005 0.15980853452572252
4.78 0.16050157603187584
4.79 0.1611994027064536
4.8 0.16190194879254027
4.8100000000000005 0.16260914594188217
4.82 0.16332092316674945
4.83 0.1640372067952341
4.84 0.16475792043008733
4.8500000000000005 0.16548298491113778
4.86 0.1662123182814058
4.87 0.1669458357569649
4.88 0.16768344970058924
4.89 0.16842506959927758
4.9 0.1691706020456739
4.91 0.1699199507233915
4.92 0.17067301639633287
4.93 0.1714296969019778
4.94 0.17218988714864614
4.95 0.17295347911677766
4.96 0.17372036186419415
4.97 0.17449042153533834
4.98 0.17526354137448094
4.99 0.17603960174285335
5.0 0.17681848013969712
