-3.7233270016592566
-3.6687694818791514
-3.555443867166145
-3.5020998345261796
-3.1470815948567474
-3.0440663068676863
-2.856331629590484
-2.8043461009681363
-2.7360389894482755
-2.6787778986524216
-2.650929997834339
-2.6396233148634765
-2.623073454282476
-2.332764769988675
-2.2221850214382255
-2.199212815126843
-2.0647911404508164
-2.0560426231702995
-2.049511243890325
-2.0305721607936476
-2.0271051919386127
-1.9165173845562307
-1.9144344523890198
-1.9090309743550464
-1.892474452403224
-1.889690581150681
-1.886393571829748
-1.840571047897528
-1.7888272252209325
-1.7757784609183864
-1.743695864992946
-1.73493856418161
-1.7008883403100152
-1.6930790882925382
-1.5347042218107387
-1.5264425798253884
-1.5186146991465441
-1.5046598258337887
-1.4628735708978011
-1.4608573955486888
-1.4581421007830762
-1.456711373363268
-1.4248985480862193
-1.322345910630442
-1.306279053918058
-1.2910493596745503
-1.282341559086774
-1.2821805938804531
-1.2700412364532965
-1.248083816887533
-1.2468745647273958
-1.2278887215837049
-1.2233549830234443
-1.2067796512567779
-1.173195084856082
-1.1719574323679618
-1.1674216359704737
-1.0877173744328874
-1.0567719543920986
-1.0529687361064113
-1.036707322217484
-1.0195975477631003
-0.9896053191499217
-0.9874007647766875
-0.9842239159900372
-0.9655693032891004
-0.9344316490461639
-0.9114139001514764
-0.9112144742386994
-0.8657748184962366
-0.8595871710214369
-0.8547013314829148
-0.7596834529404325
-0.7585937069831373
-0.7340025653641246
-0.732142683940652
-0.7263931644878885
-0.7182246466984474
-0.7084532922598498
-0.7052352030080902
-0.6883283283976911
-0.6699600801920299
-0.6672314195371353
-0.6471804445725486
-0.6393856548980081
-0.6339663235769168
-0.6178789428626188
-0.6113277467570533
-0.6031297886727311
-0.5889567534035964
-0.5785623485990041
-0.5631801930778129
-0.5009025853705493
-0.4915273790294923
-0.48203537608638936
-0.477971801383267
-0.44721894573815435
-0.4141932817660643
-0.40939818144604256
-0.3879845752987552
-0.3869446001494472
-0.38268900922018556
-0.3409364971590477
-0.339673585023967
-0.3368769290330615
-0.3316839120306634
-0.3146957683309033
-0.3092224398630934
-0.30706523989456436
-0.2948549605865529
-0.290127107653392
-0.26988757402854624
-0.26080685704827333
-0.2540332206679546
-0.2536199811959673
-0.19379435805699075
-0.15817006372507825
-0.14491667298944888
-0.12101999094728555
-0.10920251007962722
-0.09110727727007895
-0.08506768970983725
-0.08029400173808865
-0.048552821432717774
-0.0422396708687572
-0.03998407637533527
-0.005163245572771036
0.01877021144883617
0.03095383112932648
0.04012302032528412
0.04049842639676511
0.04280761696397924
0.07219760358637162
0.11939775141563613
0.14615888449373537
0.1537790453972283
0.15719707142280903
0.17167002520178087
0.18411667142533172
0.19340822498140842
0.19690968026247288
0.19790164442225638
0.22636921415774935
0.23976494869674525
0.24355199586654042
0.2475466130204449
0.27956565407159095
0.29230842206266416
0.29611836866857244
0.4007127149208216
0.41951447185100954
0.4196860732394469
0.4336040021112013
0.45761796430891977
0.4873970722714054
0.5095677656258872
0.5124986753873776
0.5129444309549166
0.5318787019858406
0.5330361401600034
0.5360613008296382
0.547363771788961
0.5479372315927897
0.5662390133820896
0.5804415056817889
0.6162130766708915
0.6531402210468142
0.6888739400125266
0.7172114141553044
0.7177223342624287
0.721036742574547
0.7326691914879717
0.7420043141288346
0.7518368182479005
0.7672890177186549
0.7716139046215464
0.7833824034764905
0.8075917775141304
0.8475478705714972
0.8616202566921713
0.8654748291559615
0.8755318152352691
0.882999517618595
0.914852887166151
0.9289918656805978
0.9456810171034293
0.9624835111413934
0.972504682366897
0.9756667392755833
0.9989201062939372
1.013417857463618
1.0176089125658305
1.0422778098488146
1.0486779076552621
1.071206079423702
1.086451053291149
1.2122604989179542
1.24116312845777
1.2483233291346996
1.2561041230951355
1.274814726489995
1.3008333393350893
1.3218256114209064
1.3226149347832998
1.3229280749689234
1.3416169961589075
1.3416839601202104
1.345275195929859
1.3586019877365798
1.371815221663197
1.461728738393481
1.473280324102048
1.4824974774056312
1.4900604535809927
1.504619928123637
1.5124674289874478
1.5901023183128893
1.6348761744602287
1.7298867436039167
1.753353667046752
1.787714575955641
1.8136145142150475
1.9073843962193884
1.918262811055602
1.9185282530358625
1.9367219280356676
1.9767143196077344
2.0014200806051576
2.00589049801002
2.0099429468952925
2.0142486636605406
2.016253078329603
2.1160024695208595
2.14956261258629
2.228472295785009
2.2285739859831915
2.314639242248411
2.32927972615726
2.349515234148949
2.3652651499698587
2.658285087041021
2.782131238840286
2.7987081650330783
3.385792463915488
3.4137031219950598
