-3.978657562179287
-3.9578183538040776
-3.183330095044909
-3.1414100743787112
-3.013292114190899
-2.777042927482467
-2.76924736860981
-2.655172833022601
-2.621573314990074
-2.5928672022499497
-2.55035448023451
-2.4865732312159596
-2.471030401893288
-2.4588166526147464
-2.450257401701776
-2.324507907758029
-2.31630085989424
-2.284815294738111
-2.2554031692465313
-2.224893658370909
-2.174979629803746
-2.111650049684688
-2.0823261355581653
-1.9748530924231154
-1.9570778942033482
-1.9431452535284142
-1.8923980267755227
-1.805720344807018
-1.8007184385305002
-1.733869431939787
-1.6755526907605027
-1.6737578814560283
-1.6702643691701708
-1.6524990708598826
-1.62200644255774
-1.5684113627633853
-1.5679318518924947
-1.5357144500631443
-1.534148178787132
-1.5162698271373993
-1.463177331082568
-1.4461358785265932
-1.4415114697519509
-1.4278768655258651
-1.4252221720490776
-1.364565348673326
-1.3235348935464413
-1.3123155422964767
-1.3095126475846917
-1.303370498716792
-1.2044312146105218
-1.2031657620495337
-1.168034247424687
-1.1163320633612943
-1.102757196631313
-1.1011346296782116
-1.0977936376480923
-1.0843943566550331
-1.0814077365541057
-1.0613036144428851
-1.0481464646791356
-1.0409880332688917
-1.0288207874202233
-0.9857083833483213
-0.9815423830280179
-0.964868671466673
-0.9191118715234707
-0.910051964532181
-0.9078787369265927
-0.9026186138163435
-0.8882556054485184
-0.8819681037544247
-0.8470283325687467
-0.8370234791726014
-0.8252110545876015
-0.7851451766265831
-0.7687622863951091
-0.7469019367226594
-0.745487425830681
-0.7173820194047709
-0.6880698391826789
-0.6711345872604985
-0.6707101410025812
-0.6641678710883014
-0.64777345978997
-0.6185586044613753
-0.5820805151739257
-0.5677691906250248
-0.5577930485845672
-0.5325067462060659
-0.5303481150967647
-0.5212591970504268
-0.5139753084911642
-0.5115474244890372
-0.49761698492662987
-0.44985419307503216
-0.42543427902720854
-0.3348486839307272
-0.3240439219142419
-0.3161183782588681
-0.30733682138828206
-0.3069030567034352
-0.29351207133298507
-0.2670601553449412
-0.26190549670250807
-0.2557704722749894
-0.2519500381249043
-0.25035578858701
-0.24140829396477237
-0.23346433070828335
-0.23164144045175
-0.20549006855490815
-0.17723526703052928
-0.1678442021265723
-0.16749848011986632
-0.14591788233676573
-0.13905976603778303
-0.09140984929488294
-0.06060605073264691
-0.03688318700754492
-0.036361606068175796
-0.011915325671719934
0.0025628179846690635
0.019741428930605043
0.027837032165200615
0.033066508183440035
0.03881970786487532
0.051261159641545984
0.07463782099171187
0.07565765578609375
0.07837581031867985
0.0858322734131356
0.1420916879004297
0.17982352464823936
0.18083892227714296
0.18087461195503904
0.18130871736052284
0.19282101980999133
0.21894874714135293
0.2225386644527645
0.27034980492528815
0.2776412390162326
0.31224669468060506
0.31891180036446487
0.32905651226464105
0.32918021676525877
0.34458152623324695
0.34471441019636007
0.3611373882609423
0.3640255170267279
0.3802723668151784
0.38663931379027083
0.3912932443555235
0.41808131227420064
0.42749417501241505
0.4515122989251066
0.46786291554365134
0.48289865023815315
0.494691378058461
0.5100018844505994
0.5193489715375574
0.5276322474224813
0.5363878788042569
0.5491941446431099
0.5545499046547708
0.5701849499064662
0.5729819165393524
0.5923544731370796
0.5990018043451579
0.5994432894994374
0.6229188567682158
0.6619613878596615
0.6729120780054569
0.7223708370938535
0.748401419242171
0.7484776614607298
0.7653967242473239
0.7941086985461463
0.8360797983150188
0.8396303662149949
0.8531818714041428
0.8601794488313882
0.8622501049577992
0.8654773772389246
0.8670225518768792
0.87830221553383
0.9496436147539815
0.9798466155784471
0.9855041568519218
0.9924802892529914
1.0027151076877794
1.0169220193034598
1.0301360564890696
1.0447968066594107
1.0489126353729894
1.0774293240426813
1.0775888570465355
1.158949366048139
1.1633810214079923
1.18636395158472
1.188708412397743
1.198635660536772
1.2070912001783745
1.2232974366121274
1.2727342294482626
1.2734252864156022
1.3722508511642426
1.3913890252552779
1.391887163465556
1.3948847675666123
1.435034035358113
1.5036484905038874
1.5242655912823306
1.530870012355389
1.533571814952928
1.6174776195862535
1.6283698539513438
1.657705239301569
1.6701823820113606
1.6701928019030945
1.6996554305042684
1.7053063414753098
1.7089805558103428
1.7151417907662347
1.8020269512725926
1.8438002747393807
1.8569576744907044
1.9113084159064113
1.9334627713549837
1.9432810155372588
1.9797810505618199
2.178552597067533
2.249672590316833
2.2585976733461517
2.362205468828026
2.4042041115672657
2.440578810871417
2.4703217039353738
2.482631026468207
2.7265242155848406
2.7714402120498707
2.957621586449471
2.962215488469668
3.1251362628927484
3.135600449151884
