-4.527104160964033
-4.5058471966074425
-3.6158259467561846
-3.518863462102538
-2.9593964381394207
-2.832364739521407
-2.807307193532617
-2.807307193532606
-2.6720337915704064
-2.672033791570406
-2.6506977324687924
-2.626834641767376
-2.5161136726780136
-2.330584864527185
-2.330584864527183
-2.2170647994168764
-2.217064799416872
-2.1721533105059176
-2.1721533105059123
-2.1556557508989886
-2.1556557508989886
-2.0192402765586843
-1.9400360430740409
-1.94003604307404
-1.9101626838234609
-1.9101626838234584
-1.861313787438041
-1.8439666638526893
-1.8439666638526855
-1.8231484437131964
-1.823148443713196
-1.766864027867888
-1.763039252760243
-1.6983435530681383
-1.4708667762452863
-1.4707167365676055
-1.450762351561983
-1.4507623515619827
-1.4472267781164148
-1.4472267781164132
-1.4279293441982173
-1.4279293441982168
-1.4204563371748897
-1.4204563371748864
-1.2993774734058257
-1.2993774734058168
-1.2676461341991525
-1.26347062887723
-1.2448953039349695
-1.2448953039349666
-1.192632926554201
-1.1625097881863993
-1.1625097881863966
-1.1621240639280122
-1.1621240639280106
-1.1379796237385564
-1.137979623738553
-1.1301488839148162
-1.1214836004426898
-1.1214836004426867
-1.093541767920936
-1.0935417679209347
-1.0650119503446884
-1.0648467608719998
-1.0553397063875114
-1.05533970638751
-0.9795598747942078
-0.9200386053915349
-0.9200386053915296
-0.8809090842325462
-0.8549835883675518
-0.8455600133579124
-0.8455600133579121
-0.8389686238339203
-0.8389686238339167
-0.8340918820767681
-0.8340918820767661
-0.8076708996602378
-0.6716096736838615
-0.6716096736838605
-0.6692863655278184
-0.6692863655278152
-0.6480637581240045
-0.6480637581240039
-0.6460677616777927
-0.6460677616777879
-0.6270789463646477
-0.6270789463646467
-0.6222780840110524
-0.6222780840110518
-0.5969319935909971
-0.5969319935909951
-0.5929677739018537
-0.5929677739018523
-0.5746117300570166
-0.5692935546481257
-0.4379753859627629
-0.43797538596275776
-0.38770381378287294
-0.3877038137828705
-0.3725801742762591
-0.37258017427625795
-0.3633434323208406
-0.363343432320839
-0.36257328808391165
-0.339977811939241
-0.33974552318344986
-0.2903649634443628
-0.2354943633278906
-0.23549436332789028
-0.22281595286803949
-0.22281595286803915
-0.1879520784111842
-0.18795207841118142
-0.17947733977250446
-0.1794773397725013
-0.1766880377638372
-0.13373883988903046
-0.1261716638049133
-0.12617166380491188
-0.08329659519186869
-0.08329659519186809
-0.0725788629774393
-0.07257886297743923
-0.06682408137783735
0.054184818495183355
0.05418481849518446
0.08619586098492178
0.08619586098492232
0.09023957358148724
0.09023957358148911
0.09861549889754699
0.09861549889754785
0.12079828649361614
0.12079828649361984
0.12506350754964302
0.12506350754964748
0.1388854460715905
0.13888544607159156
0.1627363370053186
0.16273633700531995
0.1648799296876732
0.1648799296876759
0.19788217303638145
0.19788217303638217
0.20221632407863563
0.2022163240786419
0.25866797417502907
0.27903096535993077
0.2997937657109022
0.29979376571090316
0.38592199098700863
0.38592199098700963
0.4060863986385673
0.4060863986385678
0.45518398011860906
0.45518398011861044
0.4773593360041077
0.48078009983839454
0.49902877211102364
0.4990287721110239
0.5407540507226888
0.540754050722689
0.5457336344649096
0.5466314500640569
0.5536410123911137
0.5536410123911153
0.5867567909754359
0.586756790975437
0.6201272068542509
0.620127206854251
0.7155120664653807
0.7254205975827529
0.7274284859180821
0.7274284859180824
0.7474638606011812
0.7474638606011815
0.7644877321399304
0.7728615952839253
0.7728615952839308
0.8622643058131015
0.8622643058131054
0.9053062022303043
0.9053062022303078
0.9979722598187004
0.9979722598187006
1.0031534256700423
1.0031534256700438
1.0471954384582542
1.0471954384582567
1.0602927017083184
1.0602927017083192
1.0952800046808036
1.1254628522839907
1.1352942240621666
1.2094522939005614
1.2094522939005632
1.2838147811284033
1.2981119130996006
1.298111913099601
1.3047868211771436
1.3047868211771454
1.3484030662996884
1.3484030662996889
1.405231030002704
1.4065945315711654
1.4211167705287995
1.4211167705288024
1.5152135913697176
1.515213591369718
1.5232272370501128
1.5232272370501154
1.553102778219185
1.5531027782191877
1.5671814564967925
1.5671814564967932
1.5878545120661398
1.6237498603344
1.623749860334402
1.637546145901311
1.6375461459013125
1.7900170471900616
1.7919985607866953
1.7958942648449687
1.7958942648449712
1.8163579377992531
1.8163579377992558
1.9242724493703682
2.0509831811806256
2.050983181180626
2.0678158628569987
2.067815862856999
2.0702864033502033
2.0703936375880194
2.1825757234748044
2.2017935790437906
2.201793579043791
2.221649307200295
2.4283279375474174
2.4283650230702984
2.651616885495751
2.680406068154005
2.680406068154005
2.7098217923010655
3.3675116445929016
4.094138759856807
