-4.9573404063437945
-3.92338463695724
-3.295695738623243
-3.2899721436299747
-3.0415936786115876
-3.013462687012558
-3.0134626870125527
-2.9785582111015194
-2.59335864988468
-2.5846992016309147
-2.4517400848276876
-2.3989302387642337
-2.3989302387642337
-2.33639881105413
-2.298256143499632
-2.298256143499626
-2.2497458439772533
-2.2497458439772506
-2.233598089839958
-2.224943503155718
-2.1421858647239795
-1.9700940915060818
-1.9700940915060816
-1.9527900199389516
-1.9527900199389505
-1.925642147842778
-1.9256421478427745
-1.8598379045390134
-1.859837904539009
-1.825269883467012
-1.8252698834670114
-1.7387097429248237
-1.7387097429248222
-1.7371383534039155
-1.7371383534039126
-1.7050752507331919
-1.6730066284858198
-1.6730066284858185
-1.6696693687486845
-1.610617547741636
-1.529099650470269
-1.529099650470265
-1.5094835086917964
-1.5094835086917944
-1.5094349579589188
-1.5094349579589177
-1.4200652645315348
-1.4200652645315306
-1.3646285563806297
-1.3504798257480144
-1.3239978124667502
-1.3239978124667489
-1.318054988174898
-1.227586038108154
-1.175497516221316
-1.1754975162213144
-1.0781145409183435
-1.0781145409183392
-1.0781001565437707
-1.0781001565437687
-1.0373679788834587
-1.0373679788834582
-1.0338098521799128
-1.0338098521799117
-0.9553849820598096
-0.9553849820598069
-0.9402100165068913
-0.9402100165068895
-0.9280532655622573
-0.8276310493335688
-0.8276310493335647
-0.8000503215670398
-0.7655209164363279
-0.7655209164363234
-0.7495314023582815
-0.7267709359046948
-0.7042277567970606
-0.7042277567970588
-0.6952873617386045
-0.6952873617386018
-0.6942851262083208
-0.6942851262083196
-0.6744453297731838
-0.6456715681480669
-0.5990619244646914
-0.5990619244646881
-0.5665359892929018
-0.566535989292898
-0.52758125097782
-0.5275812509778164
-0.4559206918798373
-0.42005838266289025
-0.42005838266288925
-0.41019655504580194
-0.40903840936477426
-0.36241951540103656
-0.36241951540103373
-0.35096819104193205
-0.35096819104193144
-0.309507565164916
-0.30950756516491523
-0.2866814138891111
-0.28668141388910756
-0.2702918326871487
-0.2702918326871444
-0.26801502759472845
-0.2680150275947283
-0.2453078060070859
-0.24530780600708518
-0.23326104430146574
-0.23326104430146513
-0.17846158693826547
-0.17846158693826447
-0.16242448489385242
-0.16242448489385053
-0.135825393943883
-0.13582539394388057
-0.10907955608546346
-0.10907955608546283
-0.08352264324692815
-0.08352264324692751
-0.06743469535980351
-0.037639106365829664
-0.03481353477338122
0.022183916140012545
0.02218391614001309
0.047906672632557046
0.047906672632557545
0.07068937733181313
0.07068937733181403
0.08843029980577627
0.08843029980577786
0.1673375761540441
0.16733757615404585
0.19592151550764314
0.19770498219171093
0.19770498219171267
0.21800034279946123
0.23093371063277987
0.23093371063278037
0.23600879730869062
0.2408285815765014
0.2408285815765019
0.24333911894647242
0.24333911894647386
0.2633751998141733
0.2649907017459324
0.26614272309949905
0.39655097298058134
0.3965509729805839
0.4267230379622345
0.42672303796223693
0.4615569727013398
0.4615569727013402
0.46213328044061425
0.4621332804406149
0.46714966542761205
0.46714966542761543
0.467282231564682
0.46728223156468485
0.4744778038520549
0.4745468302434325
0.5653312954569285
0.5653312954569295
0.5792891064688188
0.5792891064688194
0.5882943610281055
0.5882943610281061
0.5995313166086331
0.599531316608634
0.6202694628094025
0.6202694628094038
0.6239680643369896
0.6239680643369905
0.7113299799673451
0.7420181622669078
0.7420181622669082
0.7718980961177948
0.7719372454488391
0.7738068731277293
0.7913324781994655
0.7943211473463818
0.8993294238156438
0.8993294238156442
0.9142204643950761
0.9142204643950772
0.9422763719862405
0.9422763719862416
0.9598504249334029
0.9598504249334041
0.9740395291345542
0.9740395291345553
1.0026034722217725
1.0450528016465712
1.0450528016465734
1.0565777355142805
1.0880842401094561
1.111128331510149
1.11112833151015
1.1666361149875148
1.1666361149875162
1.168796971384206
1.1978748180700753
1.1978748180700787
1.2153838886057216
1.215383888605723
1.2396696856143201
1.2396696856143221
1.3879338045064094
1.38793380450641
1.4511917795582476
1.451191779558248
1.458470324115289
1.4622031216929665
1.482086968225941
1.6237176296327456
1.6237176296327462
1.6397336138654102
1.639733613865412
1.743421584872035
1.7434215848720362
1.7785891007468242
1.7785891007468253
1.7829973137872956
1.83662443915009
1.9392320223031057
1.9392320223031063
1.9530707275352892
1.9530707275352899
1.9756683120687528
1.9756683120687535
2.1752509693634465
2.1752509693634483
2.234531229009574
2.248581987533323
2.264443247765013
2.403141535344901
2.4031415353449015
2.4335406419418253
2.433540641941826
2.571664881652681
2.627647972508952
3.0089004647086615
3.03008600275757
3.6526398643985494
3.654116441008536
