-4.0601040077852835
-4.014612667827119
-3.2882387537560205
-3.1739906945357257
-3.1264416831252633
-3.0123190151061143
-2.80520612211964
-2.7070772153699694
-2.6671440201775267
-2.543702260764089
-2.483282186320322
-2.377211650585587
-2.3417114685387705
-2.3361610280298475
-2.3111249308831705
-2.2923019290153697
-2.251162546375506
-2.239709956842631
-2.1872014652822873
-2.1646565821331016
-2.1568219996750457
-2.145187249844258
-1.905694799481966
-1.901586167234968
-1.8882010676247476
-1.8714940871823527
-1.8699416224454937
-1.767061436922618
-1.7423597543709635
-1.7148593777017487
-1.7096434693156883
-1.6914517087286534
-1.6020060599458894
-1.5862772653755424
-1.5728589687088834
-1.5652484463122773
-1.5200711223339218
-1.5160697735895816
-1.4955358905116514
-1.4893244375903176
-1.4592710073293116
-1.4190715089030217
-1.4190323809560963
-1.3952994330393977
-1.3805430730965966
-1.3644634306743173
-1.353121484972697
-1.2859280114153475
-1.2708105882251384
-1.2706507928644393
-1.251605680804757
-1.19448315078977
-1.190197438366018
-1.0994629019229625
-1.0832557101166729
-1.074304487715195
-1.0651348787419872
-1.059068157334024
-1.0466039127743625
-1.0299709635286793
-1.029333899549881
-1.0224972440952187
-1.0153512718457707
-1.0122661188995132
-1.007067565681178
-0.9840408878052878
-0.9786156567362432
-0.9579136188005726
-0.9193138596970387
-0.9145677653259812
-0.8659160429231573
-0.8642624308079462
-0.8077383085221301
-0.8067892499068514
-0.801180043143777
-0.7835239998123549
-0.7728753072787953
-0.7656580481788153
-0.7430225926721077
-0.7373846697333112
-0.736355778469021
-0.7360262486812382
-0.7116032134277517
-0.7025484782958785
-0.7023484842483574
-0.662416486582718
-0.6277047605926493
-0.6070721893215829
-0.5859894011539892
-0.5522875312731633
-0.5496507357986777
-0.5319782598449785
-0.5074240194564199
-0.5019664628342064
-0.4924450647364168
-0.4922834854082551
-0.4693788606518874
-0.43442718783511713
-0.4091074700108539
-0.39934859702313963
-0.3716279691794604
-0.34937709520112614
-0.34397497218996165
-0.33745726486443806
-0.3115598341171486
-0.30487613114041556
-0.2910854752981926
-0.27830810051361254
-0.25745018130589825
-0.2408057298286712
-0.23617231648960013
-0.2295944315903946
-0.22368044345875093
-0.20569055344264717
-0.20341055203943756
-0.19397083168943252
-0.19186147044925447
-0.15775224334758464
-0.15289554585091092
-0.15096172683157058
-0.14241112583793772
-0.13883019414201406
-0.05319857687522944
-0.027846243636390433
0.00474157500339345
0.029050017595462663
0.04710875192418651
0.04774292063822634
0.06390647089307322
0.07089682777181464
0.07195786491176795
0.07210520536737507
0.09732415951707285
0.1029792633675014
0.10574711243013912
0.10621093911128855
0.10864203921823919
0.11923121920374413
0.15111753897525304
0.1693773631068547
0.20439678656607105
0.20857462255586767
0.24475590294472394
0.2711197232134275
0.28963637770931694
0.2976839117103055
0.30040879580502877
0.31206128934228344
0.3140322982539806
0.32296213872417656
0.3438558857054055
0.3505350846374259
0.35346028351437603
0.3635541765431425
0.4368281867030319
0.4615723225436712
0.47191420978460297
0.48774500707268764
0.499767089667305
0.531930303141654
0.5478335180776215
0.5539654973554322
0.5677024469243035
0.572714518953739
0.5831576459710517
0.5917484617036646
0.6080692026811718
0.6143483772228242
0.6191710778261059
0.623313572331989
0.6346789816138951
0.6778969472939235
0.6816433072089283
0.7064208718044993
0.8079911410245044
0.8256276764857216
0.8514863606572503
0.8746392085774284
0.8848573132629634
0.9065595229489459
0.9099125465309936
0.9180122057485338
0.927605215764979
0.9355430748704263
0.9454760946284608
0.96057260932439
0.9797399294486187
0.9808463822150129
0.9936102796408521
1.0228736453622733
1.0230498590152495
1.111308592704896
1.1179088137607023
1.1554873769180236
1.1572584886195871
1.1583065303780362
1.1880319351832056
1.1913673958955824
1.2289482669723242
1.2356051597059237
1.2425793359272985
1.2642924563474578
1.3078373398756886
1.3664605770259817
1.3666157017290443
1.3799807754109334
1.3858701069589738
1.434302730787424
1.4498846583053924
1.4576951735583643
1.500464623992313
1.5337665889740437
1.6054758019843038
1.6063064348955622
1.6137116705850056
1.6622596763092812
1.6791864372347698
1.6984755557841211
1.7065138463035403
1.7329403737952598
1.7404575109030223
1.7408459781286882
1.7439430834754799
1.7497805166892295
1.8479995880783755
1.8500024422001162
1.8844499716633338
1.9059377702132565
1.9448533846687912
1.9591162022021882
2.0855834559064252
2.1034826094717998
2.1087828259997394
2.127470699525448
2.2471345340938007
2.2472034508118828
2.2909434468106618
2.3199190180567832
2.4167250931681057
2.4335844096469925
2.447659168928614
2.4652161169118543
3.012721464954793
3.041033446701637
3.7341244166392915
