-3.723327001659255
-3.6687694818791523
-3.5554438671661486
-3.5020998345261796
-3.1470815948567474
-3.044066306867689
-2.856331629590484
-2.8043461009681345
-2.736038989448271
-2.678777898652418
-2.6509299978343424
-2.6396233148634773
-2.623073454282474
-2.332764769988675
-2.2221850214382264
-2.199212815126845
-2.064791140450818
-2.0560426231702986
-2.049511243890326
-2.0305721607936476
-2.027105191938613
-1.9165173845562307
-1.9144344523890202
-1.9090309743550455
-1.8924744524032235
-1.8896905811506812
-1.8863935718297482
-1.8405710478975288
-1.7888272252209325
-1.7757784609183855
-1.743695864992945
-1.73493856418161
-1.7008883403100161
-1.693079088292539
-1.534704221810736
-1.5264425798253876
-1.518614699146546
-1.5046598258337887
-1.4628735708978013
-1.4608573955486888
-1.4581421007830762
-1.456711373363268
-1.4248985480862193
-1.3223459106304403
-1.306279053918057
-1.2910493596745494
-1.2823415590867737
-1.2821805938804531
-1.2700412364532965
-1.248083816887533
-1.2468745647273956
-1.2278887215837047
-1.223354983023444
-1.206779651256776
-1.173195084856082
-1.171957432367962
-1.1674216359704739
-1.08771737443289
-1.0567719543920993
-1.0529687361064108
-1.036707322217484
-1.0195975477630994
-0.9896053191499213
-0.9874007647766879
-0.9842239159900368
-0.9655693032890995
-0.9344316490461648
-0.9114139001514766
-0.9112144742386995
-0.8657748184962357
-0.8595871710214369
-0.8547013314829139
-0.759683452940432
-0.7585937069831373
-0.7340025653641243
-0.7321426839406517
-0.7263931644878894
-0.7182246466984492
-0.7084532922598497
-0.7052352030080902
-0.6883283283976902
-0.6699600801920302
-0.6672314195371354
-0.6471804445725486
-0.6393856548980081
-0.6339663235769168
-0.6178789428626197
-0.611327746757055
-0.6031297886727311
-0.5889567534035947
-0.5785623485990041
-0.5631801930778138
-0.5009025853705498
-0.4915273790294923
-0.48203537608638936
-0.47797180138326745
-0.44721894573815346
-0.4141932817660643
-0.40939818144604256
-0.38798457529875474
-0.3869446001494476
-0.38268900922018556
-0.34093649715904784
-0.33967358502396666
-0.3368769290330617
-0.3316839120306616
-0.31469576833090285
-0.3092224398630931
-0.3070652398945645
-0.2948549605865516
-0.29012710765339156
-0.2698875740285467
-0.260806857048272
-0.2540332206679545
-0.2536199811959674
-0.19379435805699075
-0.15817006372507691
-0.14491667298944932
-0.12101999094728466
-0.10920251007962767
-0.09110727727007806
-0.0850676897098368
-0.08029400173808732
-0.04855282143271911
-0.04223967086875701
-0.03998407637533529
-0.005163245572770592
0.018770211448837504
0.030953831129327813
0.04012302032528394
0.04049842639676524
0.04280761696397929
0.07219760358637162
0.11939775141563524
0.14615888449373537
0.1537790453972283
0.15719707142280814
0.1716700252017822
0.1841166714253335
0.1934082249814093
0.1969096802624732
0.19790164442225622
0.2263692141577498
0.23976494869674614
0.2435519958665413
0.2475466130204449
0.27956565407159184
0.29230842206266505
0.29611836866857333
0.40071271492082294
0.4195144718510096
0.41968607323944657
0.4336040021112022
0.4576179643089202
0.4873970722714054
0.5095677656258877
0.5124986753873773
0.5129444309549167
0.5318787019858412
0.5330361401600034
0.5360613008296382
0.5473637717889609
0.5479372315927897
0.5662390133820896
0.5804415056817898
0.6162130766708924
0.6531402210468151
0.688873940012527
0.7172114141553045
0.7177223342624286
0.7210367425745479
0.7326691914879713
0.742004314128835
0.7518368182479014
0.7672890177186553
0.7716139046215456
0.7833824034764905
0.807591777514129
0.8475478705714967
0.8616202566921713
0.8654748291559615
0.8755318152352696
0.8829995176185954
0.914852887166151
0.9289918656805969
0.9456810171034298
0.9624835111413934
0.972504682366897
0.975666739275582
0.9989201062939372
1.013417857463618
1.01760891256583
1.0422778098488141
1.0486779076552617
1.0712060794237024
1.0864510532911482
1.2122604989179546
1.2411631284577695
1.2483233291347
1.2561041230951355
1.274814726489994
1.3008333393350893
1.3218256114209064
1.3226149347832998
1.3229280749689232
1.3416169961589073
1.3416839601202104
1.3452751959298594
1.3586019877365798
1.371815221663197
1.4617287383934805
1.4732803241020476
1.4824974774056312
1.4900604535809927
1.5046199281236372
1.5124674289874476
1.5901023183128893
1.634876174460229
1.7298867436039167
1.7533536670467513
1.787714575955641
1.813614514215048
1.9073843962193884
1.9182628110556021
1.9185282530358625
1.9367219280356682
1.9767143196077335
2.0014200806051585
2.00589049801002
2.0099429468952925
2.01424866366054
2.016253078329603
2.116002469520859
2.14956261258629
2.228472295785009
2.2285739859831915
2.314639242248411
2.3292797261572606
2.3495152341489494
2.365265149969859
2.658285087041021
2.782131238840286
2.7987081650330783
3.3857924639154877
3.4137031219950593
