-3.586124573273143
-3.534682219262957
-3.2261024061369916
-3.2221024751421914
-3.1665172384894142
-3.1533859968620894
-3.0902363501361605
-3.0822518176490665
-3.002485718706945
-2.666764233830968
-2.5547787209606
-2.3837928654305442
-2.380091287539953
-2.3719186207514436
-2.363712106433685
-2.3437742581102383
-2.2674502674142203
-2.22843593891495
-2.181216505926542
-2.1726267452599495
-1.9903309525870907
-1.9708059599579113
-1.9113130048639237
-1.8783815894816462
-1.8534826393675652
-1.8339861868018157
-1.7825707386024978
-1.7793960710447756
-1.7505219100328397
-1.7229338169022363
-1.6841311580179599
-1.6652650419074724
-1.6282389042666092
-1.6165557995445545
-1.5996582353111894
-1.5954737896895828
-1.5731879218119444
-1.5505659506048697
-1.5301984228306371
-1.5072160346377736
-1.4793258303564092
-1.4737858522890943
-1.447860410368794
-1.4307443830468398
-1.377880383555849
-1.373168569895769
-1.3573663995006817
-1.3303576816225111
-1.31089180687905
-1.304577433970937
-1.303966090912242
-1.182844158787026
-1.1666065618906223
-1.1604871118778974
-1.1262742097386842
-1.1215288773987013
-1.1144575663262581
-1.0885192345805508
-1.0633213693588845
-1.036531001416304
-1.0084317537939458
-1.0033132181571793
-0.9965499147114865
-0.9742666904094519
-0.9337041378983773
-0.9279164286115035
-0.9277155793812021
-0.9236831490593946
-0.9073987945007755
-0.8799000399757921
-0.869548051402433
-0.8625566924776957
-0.8484431738306726
-0.8074770452933224
-0.7951773211094344
-0.7758129344337319
-0.7577246520409324
-0.7519688747065207
-0.7412131990088411
-0.7321659875092257
-0.7282023744861879
-0.7171730836340693
-0.6767488975554592
-0.6692489175832383
-0.6642852712666918
-0.6463004925308549
-0.5870755208926961
-0.5662231361647021
-0.5446474124188199
-0.5424600609397281
-0.5334823321308098
-0.523758726315204
-0.5201108361060234
-0.4958420871081932
-0.48123051937062256
-0.46338876883871205
-0.4629680278967988
-0.43729203488107693
-0.4277518490328916
-0.42746315053219835
-0.36589710710865386
-0.34191026261745483
-0.3358517572232997
-0.33443054278310463
-0.31265016170131776
-0.3010806948592104
-0.29484664378343917
-0.27756541522616596
-0.25940020106396444
-0.245841132909292
-0.2209349544606023
-0.20824390517788763
-0.20583524107251816
-0.20303376176623572
-0.201367522890411
-0.17574749497176584
-0.1741202405376538
-0.17234905982392323
-0.16877310904497406
-0.1657241002783163
-0.15293028696797206
-0.10723006661548817
-0.052464040510888044
-0.040935438373711275
-0.009841740590965653
-0.006353383896700038
0.0019502610549682053
0.049791413382743954
0.054718539769321506
0.07697929778443413
0.09621224283354607
0.09884303295924364
0.10552623015237429
0.10658557225070608
0.10966306247124535
0.14403261230812792
0.1576332380689925
0.1597980478431944
0.1798351271371863
0.19268841197820114
0.19320092741728465
0.2267458640599247
0.2621417819545982
0.2625938373898359
0.3055949240924507
0.3373610687462838
0.350435745538618
0.35850399907552877
0.36358706803812924
0.3683093801658148
0.380791469930037
0.4035636967571663
0.4065140047907839
0.40787112703953904
0.4378776218379916
0.45311256597015825
0.4597873642671191
0.49630778980760226
0.5150804881045712
0.5528654427092432
0.5752022880248089
0.5863479694580699
0.5883058621645133
0.5885536702267978
0.6065218942630763
0.6235521152553125
0.6385616094978596
0.6392731592204793
0.643907599931778
0.6471317203985216
0.661524150522542
0.6648439853918098
0.7337618956918357
0.8219630831853904
0.8305328773662656
0.8318670442253853
0.8457055732143592
0.8464480237784464
0.8521719827719019
0.8773601136898663
0.8983732964033811
0.8985298118906405
0.8990943681379787
0.9276784294693314
0.9444406615628762
0.9523702967628189
0.9623674600196295
0.9774141894243642
0.9948700758397004
1.0099763278517102
1.0355483267662748
1.049434642455925
1.05472957233192
1.0741746488730217
1.0910610594177377
1.095374775383907
1.0999125389454332
1.1018038454056738
1.152552141415105
1.178747687953968
1.1840855892336788
1.2151151717446207
1.276076879608934
1.2916948565861266
1.3137165255466163
1.3205920573546202
1.3304896619440516
1.344001650617351
1.3674232263780475
1.3928006779742756
1.4183590231462413
1.5058955564697143
1.506104981507478
1.583061249805936
1.5907026716731554
1.6120688974424473
1.6202937271261644
1.649224236091448
1.6712565013661846
1.6790326439109915
1.679933226120775
1.7008440917384369
1.7192308169661739
1.7339511015272835
1.7485055021041915
1.894976091496248
1.895365456239212
1.9660429737996845
2.000677863894854
2.011864935758245
2.0505199978817177
2.268942521539108
2.2710303409606682
2.281815146728426
2.348951398046645
2.3775414278474107
2.387556033423893
2.419812580867365
2.4317153716121744
2.486865177355683
2.682228280774698
2.696713505558516
3.0377109893754404
3.159726341246691
3.1761278218540046
