-3.5861245732731457
-3.534682219262954
-3.226102406136992
-3.222102475142192
-3.1665172384894116
-3.1533859968620885
-3.0902363501361605
-3.0822518176490648
-3.002485718706946
-2.6667642338309654
-2.5547787209606
-2.3837928654305434
-2.380091287539953
-2.3719186207514453
-2.363712106433684
-2.3437742581102383
-2.267450267414221
-2.228435938914951
-2.181216505926544
-2.172626745259952
-1.9903309525870898
-1.9708059599579122
-1.9113130048639237
-1.878381589481648
-1.8534826393675652
-1.833986186801814
-1.7825707386024983
-1.779396071044776
-1.7505219100328406
-1.7229338169022346
-1.6841311580179599
-1.6652650419074706
-1.6282389042666092
-1.6165557995445536
-1.5996582353111874
-1.5954737896895805
-1.5731879218119462
-1.5505659506048697
-1.530198422830639
-1.5072160346377745
-1.4793258303564092
-1.4737858522890925
-1.4478604103687949
-1.430744383046838
-1.3778803835558482
-1.3731685698957699
-1.3573663995006817
-1.3303576816225102
-1.31089180687905
-1.3045774339709366
-1.3039660909122417
-1.1828441587870269
-1.1666065618906232
-1.1604871118778992
-1.126274209738686
-1.121528877398704
-1.1144575663262581
-1.0885192345805508
-1.0633213693588845
-1.036531001416305
-1.0084317537939467
-1.0033132181571784
-0.9965499147114856
-0.9742666904094519
-0.9337041378983781
-0.9279164286115031
-0.9277155793812012
-0.9236831490593951
-0.9073987945007755
-0.8799000399757921
-0.869548051402433
-0.8625566924776931
-0.8484431738306717
-0.8074770452933224
-0.7951773211094344
-0.7758129344337319
-0.7577246520409338
-0.7519688747065221
-0.7412131990088433
-0.7321659875092275
-0.7282023744861892
-0.7171730836340724
-0.6767488975554592
-0.6692489175832406
-0.6642852712666936
-0.6463004925308535
-0.5870755208926979
-0.5662231361647021
-0.5446474124188202
-0.5424600609397281
-0.5334823321308098
-0.5237587263152054
-0.5201108361060238
-0.49584208710819455
-0.4812305193706239
-0.46338876883871244
-0.4629680278967995
-0.4372920348810787
-0.4277518490328927
-0.42746315053219897
-0.3658971071086543
-0.3419102626174535
-0.3358517572232993
-0.3344305427831043
-0.3126501617013169
-0.3010806948592113
-0.2948466437834387
-0.27756541522616596
-0.2594002010639631
-0.245841132909292
-0.22093495446060363
-0.20824390517788854
-0.20583524107251838
-0.20303376176623508
-0.20136752289041016
-0.1757474949717664
-0.17412024053765335
-0.1723490598239237
-0.16877310904497378
-0.16572410027831688
-0.1529302869679734
-0.1072300666154895
-0.05246404051088982
-0.04093543837371083
-0.009841740590965653
-0.006353383896700482
0.0019502610549690935
0.04979141338274218
0.05471853976932195
0.07697929778443324
0.09621224283354558
0.09884303295924424
0.10552623015237386
0.10658557225070664
0.1096630624712458
0.14403261230812792
0.1576332380689919
0.15979804784319568
0.1798351271371854
0.19268841197820105
0.19320092741728492
0.22674586405992514
0.2621417819545988
0.2625938373898355
0.30559492409244937
0.3373610687462838
0.35043574553861845
0.3585039990755283
0.363587068038131
0.3683093801658135
0.38079146993003654
0.4035636967571663
0.40651400479078303
0.40787112703953954
0.4378776218379916
0.4531125659701587
0.4597873642671195
0.4963077898076018
0.5150804881045712
0.5528654427092414
0.5752022880248093
0.5863479694580694
0.5883058621645127
0.5885536702267963
0.6065218942630768
0.6235521152553116
0.6385616094978606
0.6392731592204796
0.6439075999317776
0.6471317203985212
0.661524150522542
0.6648439853918089
0.7337618956918348
0.8219630831853935
0.8305328773662654
0.8318670442253839
0.8457055732143594
0.8464480237784454
0.8521719827719005
0.877360113689865
0.8983732964033813
0.8985298118906405
0.8990943681379783
0.9276784294693314
0.9444406615628753
0.9523702967628198
0.9623674600196304
0.9774141894243651
0.9948700758397013
1.0099763278517102
1.0355483267662757
1.0494346424559242
1.0547295723319197
1.0741746488730217
1.0910610594177368
1.0953747753839074
1.0999125389454332
1.1018038454056747
1.152552141415105
1.1787476879539662
1.184085589233679
1.2151151717446198
1.2760768796089341
1.2916948565861266
1.313716525546616
1.3205920573546202
1.330489661944051
1.3440016506173498
1.3674232263780475
1.392800677974275
1.4183590231462408
1.5058955564697145
1.5061049815074783
1.5830612498059369
1.5907026716731538
1.612068897442447
1.6202937271261642
1.649224236091448
1.671256501366185
1.6790326439109915
1.6799332261207756
1.7008440917384358
1.7192308169661727
1.7339511015272837
1.7485055021041924
1.894976091496248
1.895365456239212
1.9660429737996834
2.000677863894854
2.0118649357582443
2.050519997881719
2.268942521539108
2.2710303409606682
2.2818151467284267
2.348951398046644
2.37754142784741
2.387556033423893
2.419812580867366
2.431715371612174
2.486865177355683
2.6822282807746984
2.6967135055585167
3.037710989375441
3.159726341246691
3.176127821854005
