-3.978657562179284
-3.9578183538040768
-3.1833300950449126
-3.1414100743787112
-3.0132921141908997
-2.7770429274824653
-2.7692473686098107
-2.6551728330225974
-2.6215733149900715
-2.592867202249949
-2.5503544802345117
-2.486573231215958
-2.471030401893287
-2.4588166526147437
-2.450257401701775
-2.3245079077580297
-2.316300859894239
-2.28481529473811
-2.255403169246534
-2.2248936583709065
-2.174979629803745
-2.111650049684688
-2.082326135558167
-1.9748530924231162
-1.957077894203349
-1.9431452535284115
-1.8923980267755245
-1.8057203448070154
-1.800718438530502
-1.7338694319397878
-1.6755526907605016
-1.6737578814560283
-1.670264369170171
-1.6524990708598817
-1.6220064425577392
-1.568411362763385
-1.567931851892495
-1.5357144500631446
-1.5341481787871325
-1.5162698271374002
-1.4631773310825689
-1.4461358785265923
-1.441511469751949
-1.427876865525865
-1.4252221720490779
-1.364565348673327
-1.3235348935464386
-1.312315542296477
-1.3095126475846917
-1.3033704987167902
-1.2044312146105223
-1.2031657620495342
-1.1680342474246843
-1.1163320633612934
-1.102757196631313
-1.1011346296782119
-1.0977936376480923
-1.084394356655033
-1.0814077365541057
-1.0613036144428825
-1.0481464646791356
-1.0409880332688917
-1.0288207874202242
-0.985708383348324
-0.981542383028017
-0.964868671466673
-0.9191118715234716
-0.9100519645321813
-0.9078787369265924
-0.9026186138163426
-0.8882556054485202
-0.881968103754422
-0.8470283325687458
-0.8370234791726019
-0.8252110545875988
-0.785145176626584
-0.76876228639511
-0.7469019367226593
-0.7454874258306813
-0.7173820194047722
-0.6880698391826785
-0.6711345872604986
-0.6707101410025814
-0.6641678710883019
-0.6477734597899705
-0.618558604461374
-0.5820805151739243
-0.567769190625024
-0.5577930485845672
-0.5325067462060663
-0.530348115096764
-0.5212591970504272
-0.513975308491164
-0.511547424489037
-0.49761698492663076
-0.4498541930750348
-0.4254342790272059
-0.33484868393072764
-0.3240439219142419
-0.31611837825886857
-0.30733682138828217
-0.30690305670343526
-0.29351207133298374
-0.26706015534494165
-0.26190549670250896
-0.25577047227498806
-0.2519500381249041
-0.2503557885870099
-0.24140829396477104
-0.2334643307082834
-0.23164144045175047
-0.20549006855490992
-0.17723526703052972
-0.1678442021265723
-0.1674984801198663
-0.14591788233676617
-0.13905976603778214
-0.09140984929488427
-0.06060605073264602
-0.03688318700754493
-0.036361606068175616
-0.01191532567171949
0.0025628179846686194
0.019741428930605487
0.027837032165201503
0.03306650818343959
0.038819707864874875
0.05126115964154554
0.07463782099171168
0.0756576557860945
0.07837581031868074
0.0858322734131356
0.14209168790042837
0.1798235246482395
0.18083892227714324
0.18087461195503843
0.18130871736052312
0.19282101980999
0.21894874714135382
0.22253866445276582
0.2703498049252886
0.2776412390162313
0.31224669468060506
0.318911800364464
0.32905651226464117
0.32918021676525827
0.3445815262332468
0.34471441019636
0.3611373882609419
0.36402551702672703
0.38027236681517795
0.38663931379026906
0.39129324435552304
0.4180813122742002
0.42749417501241416
0.45151229892510436
0.46786291554365
0.48289865023815226
0.49469137805846053
0.5100018844505985
0.5193489715375565
0.5276322474224813
0.5363878788042555
0.5491941446431121
0.5545499046547708
0.5701849499064653
0.5729819165393524
0.5923544731370782
0.5990018043451585
0.5994432894994366
0.6229188567682153
0.6619613878596615
0.6729120780054565
0.722370837093854
0.748401419242171
0.7484776614607298
0.7653967242473221
0.794108698546145
0.836079798315017
0.8396303662149935
0.8531818714041419
0.8601794488313885
0.8622501049577987
0.8654773772389243
0.8670225518768796
0.87830221553383
0.9496436147539815
0.9798466155784458
0.9855041568519218
0.9924802892529914
1.0027151076877794
1.0169220193034594
1.0301360564890687
1.044796806659411
1.0489126353729898
1.077429324042681
1.0775888570465355
1.1589493660481387
1.163381021407992
1.186363951584719
1.1887084123977423
1.198635660536771
1.2070912001783738
1.2232974366121259
1.2727342294482624
1.2734252864156024
1.3722508511642417
1.3913890252552776
1.3918871634655567
1.3948847675666118
1.4350340353581128
1.503648490503887
1.5242655912823306
1.5308700123553893
1.5335718149529274
1.6174776195862515
1.6283698539513438
1.657705239301569
1.6701823820113604
1.6701928019030945
1.6996554305042675
1.705306341475309
1.7089805558103426
1.7151417907662345
1.802026951272593
1.84380027473938
1.8569576744907048
1.9113084159064109
1.9334627713549837
1.9432810155372586
1.9797810505618192
2.1785525970675326
2.2496725903168335
2.258597673346152
2.3622054688280265
2.404204111567265
2.440578810871417
2.470321703935374
2.482631026468208
2.7265242155848415
2.7714402120498707
2.9576215864494704
2.962215488469668
3.1251362628927484
3.1356004491518834
