-4.4333865525333955
-3.479219164863682
-3.4559263890581327
-2.943163247714906
-2.9358808431770567
-2.74775852522586
-2.715364455546736
-2.699662838270173
-2.6589066828309442
-2.5861554049710347
-2.5576876697957798
-2.4213077886457373
-2.4125451832341196
-2.3530351053588867
-2.30060450601253
-2.2864447480662515
-2.224072808441497
-2.20531374881775
-2.1429753584021287
-2.1423051543504843
-2.1252373199506516
-2.0261161184284977
-2.001155505205778
-1.984716735607154
-1.9743215262620661
-1.9238383970003112
-1.8777125175589648
-1.8512833423235318
-1.8511118697369031
-1.8296592363058024
-1.7865447342561358
-1.7844842891603403
-1.780418270827125
-1.7801883166937553
-1.7695288037340808
-1.679142497214642
-1.5683635181607358
-1.5353044203550765
-1.5255401181039718
-1.5021817110328168
-1.501147917678798
-1.5006124259013986
-1.481509438324712
-1.4681026492444746
-1.4275106232885224
-1.4018963029739822
-1.3889776441374537
-1.343260521386864
-1.3428451944942805
-1.2674684100317175
-1.2518743275278514
-1.2474219050063524
-1.2470314805905993
-1.2098770593129946
-1.2047529939045378
-1.1633451133026917
-1.1612709534316958
-1.1240693805643311
-1.1191665017944552
-1.106387551129322
-1.084243518118749
-1.0678613347959582
-1.0607619954144183
-1.0375407332612556
-1.0134389490784659
-0.9807438410421945
-0.9786853909305868
-0.8979133115071574
-0.8827680652334728
-0.8594501568513181
-0.8593745343172422
-0.8561216893977802
-0.7624602239384646
-0.7528834725565825
-0.7417934657307916
-0.7331011949955939
-0.7095333818220079
-0.7064445728401575
-0.6813188761505171
-0.6712147323306268
-0.6475083373597053
-0.6350041751401043
-0.6344923092882011
-0.6179932974513922
-0.6006831469304834
-0.590087983552997
-0.586724999808038
-0.5847118491998496
-0.5698909271462802
-0.5238452223045078
-0.49281474203848097
-0.4804141394488659
-0.4350803422863434
-0.4312819563095345
-0.4108661518385687
-0.40724155914692706
-0.39563915358941354
-0.3951910286034404
-0.3894603734075659
-0.3784373300989241
-0.3538151143187491
-0.33631938524286564
-0.2950167477479062
-0.26916909407193357
-0.26119033545045484
-0.2593987523711333
-0.257351048945592
-0.24227806772484595
-0.23643228262830415
-0.23439879602508207
-0.20041243785202092
-0.19748853583444143
-0.1865886056089443
-0.13099521236676415
-0.10360466670463397
-0.09798525888471232
-0.08692530915993482
-0.08630979547902394
-0.08629030170699549
-0.0746924005749241
-0.07100812858918415
-0.016001557536594824
0.0008874384273220848
0.014425484223387297
0.02939189648701816
0.029890171657157023
0.06700841533581992
0.07995202405104695
0.09079419195647676
0.10596692586172783
0.10874919733919274
0.12095107608009625
0.13304714216971344
0.13328910345949954
0.13381737537486726
0.1415760213284334
0.14960691709177842
0.16917694248687987
0.17716991869899346
0.1815540978787027
0.1916589550070249
0.2693083161834342
0.3087184963510884
0.31075616886471324
0.3174670088750908
0.31759846312740114
0.32551210475083536
0.3323111334513942
0.33817156273305304
0.3382912876566672
0.3560972628630892
0.36114260700449563
0.3649053611247224
0.464606791014504
0.4828981419697933
0.49901081113032975
0.499186014442995
0.5119437458840284
0.5187103297709168
0.5260649636894725
0.528941851993399
0.5392260106841179
0.5392965481872427
0.5734539091778457
0.5763785770178376
0.602147352896409
0.6064990747007784
0.6330510158048956
0.6443785507812252
0.6475213823643382
0.6485403715841948
0.6756598607745703
0.6927102724094865
0.7009374975078728
0.7360714923401341
0.7362121602677794
0.7753574676263089
0.7952129867507058
0.8056039443995889
0.8069824955931506
0.8216111387012615
0.8383576119475764
0.8461549391435543
0.8564079994793694
0.8744886213944527
0.8751738017768596
0.8825214969224953
0.9287204602544976
0.9295475230802331
0.962169825480534
0.9784598802848357
0.9848779872865236
0.9957644603750881
1.0388873191445915
1.0595802142689474
1.1005892722612902
1.1053333941923773
1.126647143912182
1.1300001481570396
1.1308343861975934
1.235157363382252
1.2509977274513964
1.278090345940552
1.2932571990561414
1.2969036697433038
1.308333141380217
1.340169706016129
1.3756248909603044
1.3845043681222402
1.3964127838036342
1.4385775392855147
1.4502158471274271
1.5045995859392491
1.5425760806693847
1.5518513291434273
1.5710598112948537
1.5745226948432656
1.6020266610067533
1.6221207813644016
1.6463426864576933
1.7767676677941946
1.793857661753752
1.8507015849766972
1.8567831898739984
1.8579853315009411
1.8772665675651556
2.0098087495496344
2.0164578034773015
2.024486931010384
2.0394135850418578
2.040937878989162
2.068609022389216
2.104674389835199
2.181164959448318
2.2359393724403116
2.3222002742084524
2.3372369784847224
2.3735864902249353
2.569364956295904
2.62559307700254
2.6428395995471368
2.7899200392488224
2.827301756794488
3.3359893381686145
3.3416323858142385
