-4.060104007785285
-4.014612667827119
-3.288238753756022
-3.1739906945357257
-3.126441683125264
-3.012319015106115
-2.8052061221196403
-2.707077215369969
-2.6671440201775276
-2.5437022607640887
-2.483282186320322
-2.3772116505855867
-2.3417114685387705
-2.3361610280298475
-2.311124930883169
-2.29230192901537
-2.2511625463755065
-2.2397099568426304
-2.1872014652822873
-2.1646565821331016
-2.156821999675045
-2.145187249844259
-1.9056947994819655
-1.901586167234968
-1.8882010676247476
-1.871494087182352
-1.869941622445494
-1.7670614369226172
-1.7423597543709635
-1.7148593777017478
-1.7096434693156883
-1.691451708728653
-1.6020060599458898
-1.5862772653755428
-1.572858968708883
-1.5652484463122773
-1.5200711223339223
-1.5160697735895825
-1.495535890511651
-1.4893244375903167
-1.459271007329312
-1.4190715089030226
-1.4190323809560965
-1.3952994330393982
-1.3805430730965962
-1.3644634306743173
-1.3531214849726965
-1.2859280114153488
-1.270810588225139
-1.270650792864439
-1.2516056808047566
-1.19448315078977
-1.1901974383660172
-1.0994629019229616
-1.0832557101166738
-1.0743044877151955
-1.0651348787419885
-1.0590681573340244
-1.0466039127743634
-1.0299709635286791
-1.029333899549881
-1.0224972440952205
-1.0153512718457738
-1.0122661188995137
-1.007067565681179
-0.9840408878052882
-0.9786156567362441
-0.957913618800573
-0.9193138596970392
-0.9145677653259816
-0.8659160429231574
-0.8642624308079455
-0.8077383085221297
-0.8067892499068522
-0.801180043143777
-0.7835239998123553
-0.7728753072787957
-0.7656580481788167
-0.7430225926721077
-0.7373846697333118
-0.736355778469021
-0.7360262486812379
-0.7116032134277512
-0.7025484782958789
-0.7023484842483576
-0.6624164865827198
-0.6277047605926493
-0.6070721893215842
-0.5859894011539892
-0.5522875312731624
-0.5496507357986788
-0.5319782598449785
-0.5074240194564199
-0.5019664628342078
-0.49244506473641747
-0.49228348540825484
-0.4693788606518865
-0.4344271878351176
-0.4091074700108539
-0.39934859702314096
-0.3716279691794617
-0.34937709520112614
-0.343974972189963
-0.33745726486443894
-0.3115598341171486
-0.3048761311404169
-0.2910854752981944
-0.27830810051361254
-0.2574501813058987
-0.2408057298286712
-0.23617231648960058
-0.2295944315903955
-0.2236804434587505
-0.20569055344264653
-0.20341055203943725
-0.19397083168943222
-0.19186147044925475
-0.15775224334758642
-0.15289554585091056
-0.15096172683157003
-0.14241112583793694
-0.13883019414201508
-0.05319857687523122
-0.027846243636389545
0.004741575003395226
0.029050017595462663
0.04710875192418643
0.0477429206382262
0.06390647089307233
0.07089682777181494
0.07195786491176766
0.0721052053673747
0.09732415951707285
0.10297926336750236
0.1057471124301389
0.10621093911128887
0.1086420392182386
0.11923121920374236
0.15111753897525304
0.1693773631068547
0.20439678656607083
0.2085746225558688
0.24475590294472305
0.27111972321342837
0.28963637770931694
0.29768391171030584
0.30040879580502833
0.31206128934228355
0.3140322982539805
0.32296213872417656
0.3438558857054055
0.35053508463742616
0.3534602835143763
0.3635541765431425
0.43682818670303103
0.4615723225436694
0.47191420978460386
0.48774500707268764
0.4997670896673041
0.531930303141654
0.5478335180776215
0.5539654973554331
0.5677024469243062
0.572714518953739
0.5831576459710517
0.5917484617036646
0.6080692026811718
0.614348377222826
0.6191710778261064
0.623313572331989
0.6346789816138925
0.6778969472939238
0.6816433072089285
0.7064208718044993
0.8079911410245053
0.8256276764857198
0.8514863606572494
0.8746392085774293
0.8848573132629616
0.9065595229489466
0.909912546530994
0.9180122057485338
0.9276052157649763
0.9355430748704245
0.9454760946284564
0.9605726093243891
0.9797399294486188
0.9808463822150127
0.9936102796408504
1.0228736453622738
1.023049859015249
1.1113085927048951
1.1179088137607014
1.1554873769180243
1.1572584886195876
1.158306530378037
1.188031935183206
1.1913673958955815
1.2289482669723224
1.2356051597059237
1.2425793359272976
1.264292456347457
1.3078373398756877
1.3664605770259812
1.3666157017290437
1.3799807754109308
1.3858701069589703
1.4343027307874232
1.4498846583053906
1.4576951735583625
1.5004646239923138
1.533766588974042
1.6054758019843036
1.6063064348955622
1.6137116705850056
1.6622596763092803
1.6791864372347707
1.698475555784122
1.7065138463035403
1.732940373795259
1.7404575109030225
1.7408459781286882
1.7439430834754792
1.7497805166892304
1.8479995880783762
1.8500024422001178
1.884449971663332
1.9059377702132547
1.9448533846687885
1.9591162022021873
2.085583455906427
2.1034826094718
2.1087828259997394
2.1274706995254498
2.2471345340938007
2.2472034508118823
2.290943446810661
2.319919018056784
2.416725093168105
2.4335844096469925
2.447659168928614
2.465216116911856
3.0127214649547955
3.0410334467016362
3.7341244166392915
