-3.676869369500663
-3.6380680114525
-3.4999151179440258
-3.0931842584015206
-3.037936079183326
-2.8296961348420258
-2.821822510735961
-2.781877810779556
-2.7518719028353607
-2.7411092422302517
-2.7142308692621064
-2.6753513434797425
-2.664565793963594
-2.5285836938667625
-2.3251807425977953
-2.3087775363467165
-2.239857456377451
-2.2078572144286825
-2.111616786259347
-2.060276729589268
-2.0144038538350024
-2.0101419180479017
-1.9971419579644634
-1.9913407791179498
-1.9649213695762624
-1.9320289470630856
-1.925636593777483
-1.8527598114364965
-1.8208883485412457
-1.7785166263999583
-1.7394867391126692
-1.6854028113351012
-1.6400662721010795
-1.6201167028020977
-1.6141871108845463
-1.5622452628640744
-1.5101428442424165
-1.491755909041912
-1.489095791753074
-1.479240717892143
-1.473059617223056
-1.4410427818411895
-1.3964484730580677
-1.3543541436238398
-1.3432281125763437
-1.3257619266596317
-1.2710811425001838
-1.2661865403083459
-1.250039576626258
-1.2412114934243803
-1.223319278728468
-1.2081006246730572
-1.19709419658066
-1.169300541836713
-1.1608512867444576
-1.114898114039458
-1.0870224868290514
-1.084587073405916
-1.076837535034846
-1.0671414387302836
-1.0280360572612803
-1.0208447681988497
-1.0199355103227647
-0.9984609381213234
-0.9905864760532986
-0.9872228263825225
-0.9699225242059404
-0.9530877176616253
-0.9433773524750979
-0.9385550817498243
-0.9371825230644606
-0.9157216973390678
-0.8562408409531552
-0.8479873105920546
-0.7654139550424741
-0.7573483520381261
-0.747108620363562
-0.7468986704733205
-0.7162762694108715
-0.7010481464521117
-0.6987635432062129
-0.6914823312725247
-0.667221510495982
-0.662327377521462
-0.6324998713512815
-0.6290688461392897
-0.6019493948747561
-0.6011181427249912
-0.5971186688894831
-0.5966550683830688
-0.5940930628605335
-0.5753342646814952
-0.4830814695438077
-0.48265898758392156
-0.4719421540064319
-0.4428399027940286
-0.44192866328725644
-0.43478567321284567
-0.43005605316729945
-0.4181537679565146
-0.40853330597181436
-0.387334951351765
-0.3494725798341407
-0.30631200237370304
-0.3044712100527549
-0.2983283362555973
-0.2873443487599663
-0.2684036673553907
-0.25000538451474885
-0.24667967418307654
-0.243898695201759
-0.24002767547310677
-0.21645638537242817
-0.15823000039040513
-0.15085541269466196
-0.10907351026027692
-0.10786260417845277
-0.05797955747611461
-0.031453006602961686
-0.02505091891177269
-0.01508214094593002
-0.014560496557764892
-0.0021817185880492855
0.00014135735718464552
0.006239820773235039
0.009696895598713784
0.030057109439971086
0.056057437812873534
0.08728366124233677
0.08878583370795247
0.0895706269868396
0.0909601998640628
0.11293952244783823
0.13137029892331364
0.14732890502036922
0.17736642926395874
0.1825262324475072
0.18975320790904693
0.19360898515604497
0.19768960945566771
0.22961644045770147
0.23518561917082126
0.24030970798347218
0.25179419119191193
0.25705428579511747
0.2852366600345655
0.3141923502187276
0.31779862179140284
0.31857467479592055
0.3206579753396755
0.4052763621191602
0.42133170403906606
0.43313938080074266
0.4368785682799228
0.45131985275939446
0.4676823487922519
0.48008794774652497
0.49707772883794243
0.5232120096538799
0.5361907371159433
0.5449759811422106
0.5454766350298239
0.5501862066322337
0.5503206104961448
0.5608173114246449
0.5887013112750048
0.5964721670794031
0.6275152250860501
0.6824938971738637
0.6924686747127707
0.6944548476732918
0.6977040045990028
0.7096799015450137
0.732010242031763
0.7341053162633814
0.750646943808992
0.7737160977812221
0.7777723862803403
0.7962117302319847
0.811907138618686
0.8652615149968694
0.8804833251786239
0.9088900142911349
0.9119574186011974
0.9173954466328222
0.9257007287616239
0.9404215167714614
0.9454326309706684
0.9696689112368453
0.9706199670886081
1.001952710886444
1.0897591179419281
1.0898560673953552
1.0904154776562187
1.133093317310543
1.167479225554939
1.1963346028784574
1.2310270493269566
1.2400942234771433
1.2612872318510084
1.262984409877186
1.265150490846932
1.269342931194713
1.2696381975561333
1.2844585945995284
1.287766302781006
1.3162633037143583
1.3258924819716045
1.355555212218444
1.4154249651170692
1.4400631016093364
1.4551279323362662
1.462518924084079
1.4848850399256792
1.4852018464264414
1.55763489989657
1.5618081500879804
1.587038743210352
1.5967917978401065
1.5989684037081215
1.6371695060793467
1.6834725855283232
1.6841845283348642
1.8012088462017692
1.8444298012752427
1.9289185624932692
1.9369988090280563
1.970262529793022
2.0301450562621195
2.0661581356677488
2.071185497206886
2.0792302269251
2.094688673920078
2.11431961385876
2.3401446945815993
2.385194723801183
2.5850849592376566
2.5874238062952553
2.6684642031368795
2.7334395655353525
2.745478193588614
2.755636150261348
2.8703711934300324
3.0621478983851143
3.07663341387622
