-4.433386552533397
-3.4792191648636828
-3.4559263890581335
-2.943163247714906
-2.935880843177055
-2.747758525225858
-2.7153644555467378
-2.699662838270171
-2.6589066828309424
-2.586155404971032
-2.5576876697957815
-2.4213077886457373
-2.4125451832341205
-2.3530351053588867
-2.300604506012531
-2.2864447480662515
-2.224072808441497
-2.20531374881775
-2.1429753584021283
-2.1423051543504843
-2.1252373199506516
-2.026116118428496
-2.001155505205779
-1.984716735607154
-1.9743215262620661
-1.9238383970003121
-1.877712517558963
-1.8512833423235313
-1.8511118697369031
-1.8296592363058024
-1.7865447342561358
-1.7844842891603407
-1.7804182708271248
-1.7801883166937558
-1.7695288037340808
-1.679142497214642
-1.5683635181607376
-1.5353044203550765
-1.5255401181039727
-1.5021817110328173
-1.5011479176787978
-1.5006124259013986
-1.481509438324712
-1.4681026492444746
-1.4275106232885224
-1.4018963029739804
-1.3889776441374528
-1.3432605213868642
-1.3428451944942807
-1.2674684100317166
-1.2518743275278508
-1.2474219050063524
-1.2470314805905993
-1.2098770593129955
-1.2047529939045396
-1.1633451133026917
-1.161270953431696
-1.124069380564333
-1.119166501794457
-1.106387551129322
-1.0842435181187482
-1.0678613347959582
-1.0607619954144183
-1.0375407332612556
-1.0134389490784659
-0.9807438410421948
-0.978685390930587
-0.8979133115071574
-0.8827680652334728
-0.859450156851318
-0.859374534317242
-0.8561216893977801
-0.7624602239384646
-0.7528834725565807
-0.7417934657307899
-0.7331011949955939
-0.7095333818220078
-0.7064445728401575
-0.6813188761505189
-0.6712147323306259
-0.6475083373597057
-0.6350041751401044
-0.6344923092882012
-0.6179932974513918
-0.6006831469304816
-0.590087983552997
-0.5867249998080379
-0.5847118491998496
-0.569890927146278
-0.5238452223045083
-0.4928147420384814
-0.4804141394488677
-0.4350803422863416
-0.43128195630953403
-0.4108661518385684
-0.407241559146927
-0.39563915358941315
-0.3951910286034404
-0.38946037340756545
-0.3784373300989241
-0.35381511431874824
-0.3363193852428643
-0.29501674774790576
-0.2691690940719327
-0.2611903354504551
-0.2593987523711333
-0.25735104894559224
-0.24227806772484461
-0.23643228262830396
-0.2343987960250819
-0.2004124378520207
-0.19748853583444134
-0.18658860560894341
-0.1309952123667646
-0.10360466670463353
-0.09798525888471321
-0.0869253091599354
-0.08630979547902368
-0.08629030170699524
-0.07469240057492366
-0.0710081285891846
-0.016001557536594824
0.0008874384273211966
0.014425484223386409
0.02939189648701853
0.029890171657157214
0.06700841533581992
0.07995202405104695
0.09079419195647764
0.10596692586172787
0.10874919733919292
0.12095107608009625
0.1330471421697131
0.13328910345949974
0.13381737537486738
0.14157602132843294
0.14960691709177976
0.16917694248687898
0.17716991869899346
0.18155409787870447
0.1916589550070249
0.26930831618343376
0.3087184963510885
0.31075616886471324
0.31746700887509055
0.31759846312740103
0.3255121047508349
0.3323111334513942
0.33817156273305177
0.3382912876566671
0.3560972628630892
0.3611426070044961
0.3649053611247224
0.46460679101450486
0.4828981419697933
0.49901081113032997
0.49918601444299454
0.5119437458840292
0.5187103297709186
0.526064963689473
0.5289418519933982
0.539226010684118
0.5392965481872433
0.5734539091778466
0.5763785770178389
0.6021473528964085
0.6064990747007788
0.6330510158048952
0.6443785507812252
0.6475213823643381
0.6485403715841944
0.6756598607745712
0.6927102724094856
0.7009374975078737
0.7360714923401341
0.7362121602677797
0.7753574676263102
0.7952129867507058
0.8056039443995887
0.8069824955931508
0.8216111387012619
0.8383576119475764
0.8461549391435548
0.8564079994793694
0.8744886213944527
0.8751738017768594
0.8825214969224953
0.9287204602544974
0.9295475230802333
0.962169825480534
0.9784598802848348
0.9848779872865245
0.9957644603750895
1.038887319144592
1.0595802142689483
1.100589272261292
1.1053333941923769
1.126647143912182
1.13000014815704
1.1308343861975934
1.2351573633822523
1.2509977274513973
1.2780903459405528
1.293257199056142
1.2969036697433038
1.3083331413802188
1.34016970601613
1.3756248909603044
1.3845043681222398
1.3964127838036358
1.438577539285515
1.450215847127428
1.5045995859392496
1.5425760806693838
1.5518513291434273
1.5710598112948546
1.574522694843266
1.6020266610067533
1.6221207813644023
1.6463426864576935
1.7767676677941948
1.7938576617537516
1.8507015849766977
1.856783189873998
1.8579853315009414
1.8772665675651554
2.0098087495496344
2.0164578034773015
2.024486931010385
2.0394135850418573
2.040937878989163
2.0686090223892157
2.1046743898351994
2.181164959448318
2.2359393724403116
2.322200274208453
2.3372369784847224
2.3735864902249353
2.569364956295904
2.62559307700254
2.6428395995471368
2.7899200392488224
2.827301756794488
3.3359893381686145
3.341632385814238
