-3.6768693695006665
-3.6380680114525026
-3.499915117944024
-3.0931842584015223
-3.0379360791833276
-2.829696134842025
-2.821822510735961
-2.781877810779556
-2.751871902835359
-2.741109242230255
-2.7142308692621064
-2.675351343479745
-2.6645657939635985
-2.5285836938667625
-2.325180742597798
-2.3087775363467165
-2.239857456377452
-2.2078572144286834
-2.11161678625935
-2.0602767295892717
-2.014403853835002
-2.0101419180479025
-1.9971419579644625
-1.9913407791179525
-1.964921369576265
-1.9320289470630865
-1.9256365937774857
-1.8527598114364983
-1.8208883485412457
-1.7785166263999592
-1.7394867391126692
-1.6854028113351012
-1.6400662721010786
-1.6201167028020986
-1.6141871108845463
-1.5622452628640744
-1.5101428442424165
-1.491755909041912
-1.4890957917530743
-1.4792407178921438
-1.473059617223056
-1.4410427818411904
-1.3964484730580677
-1.3543541436238389
-1.3432281125763446
-1.3257619266596317
-1.2710811425001847
-1.2661865403083485
-1.250039576626258
-1.2412114934243794
-1.223319278728468
-1.2081006246730572
-1.197094196580661
-1.1693005418367148
-1.1608512867444576
-1.1148981140394572
-1.0870224868290517
-1.0845870734059155
-1.076837535034847
-1.0671414387302836
-1.0280360572612812
-1.0208447681988497
-1.0199355103227647
-0.9984609381213234
-0.9905864760532984
-0.9872228263825223
-0.9699225242059413
-0.9530877176616261
-0.9433773524750979
-0.9385550817498244
-0.9371825230644613
-0.9157216973390683
-0.8562408409531543
-0.8479873105920537
-0.7654139550424737
-0.7573483520381261
-0.7471086203635617
-0.7468986704733204
-0.7162762694108715
-0.7010481464521112
-0.698763543206213
-0.6914823312725238
-0.6672215104959811
-0.6623273775214624
-0.6324998713512822
-0.6290688461392896
-0.6019493948747563
-0.6011181427249915
-0.5971186688894836
-0.5966550683830689
-0.5940930628605335
-0.5753342646814938
-0.4830814695438078
-0.4826589875839216
-0.47194215400643236
-0.4428399027940287
-0.4419286632872566
-0.43478567321284567
-0.43005605316729945
-0.41815376795651504
-0.40853330597181436
-0.38733495135176454
-0.3494725798341407
-0.30631200237370343
-0.3044712100527551
-0.2983283362555973
-0.2873443487599676
-0.2684036673553907
-0.25000538451474874
-0.24667967418307685
-0.24389869520175836
-0.24002767547310677
-0.21645638537242817
-0.1582300003904047
-0.15085541269466196
-0.10907351026027692
-0.10786260417845259
-0.05797955747611461
-0.031453006602961686
-0.025050918911774023
-0.015082140945930049
-0.014560496557764795
-0.0021817185880493527
0.0001413573571848682
0.0062398207732345945
0.009696895598714672
0.030057109439970198
0.05605743781287398
0.08728366124233672
0.0887858337079525
0.08957062698683958
0.09096019986406251
0.11293952244783778
0.1313702989233132
0.14732890502036922
0.17736642926395918
0.1825262324475072
0.18975320790904648
0.19360898515604497
0.1976896094556686
0.22961644045770235
0.2351856191708217
0.2403097079834735
0.2517941911919128
0.257054285795117
0.2852366600345655
0.3141923502187276
0.31779862179140284
0.31857467479592066
0.3206579753396758
0.4052763621191606
0.4213317040390656
0.4331393808007431
0.43687856827992366
0.4513198527593949
0.46768234879225146
0.48008794774652497
0.49707772883794243
0.5232120096538799
0.5361907371159429
0.5449759811422102
0.5454766350298238
0.5501862066322333
0.5503206104961447
0.5608173114246449
0.5887013112750039
0.596472167079404
0.627515225086051
0.6824938971738632
0.692468674712771
0.6944548476732918
0.6977040045990028
0.7096799015450133
0.7320102420317629
0.7341053162633815
0.750646943808992
0.7737160977812216
0.7777723862803403
0.7962117302319842
0.8119071386186869
0.8652615149968694
0.8804833251786235
0.9088900142911349
0.9119574186011965
0.9173954466328214
0.9257007287616239
0.9404215167714614
0.9454326309706684
0.9696689112368451
0.970619967088608
1.0019527108864437
1.089759117941928
1.0898560673953555
1.0904154776562192
1.1330933173105424
1.1674792255549389
1.1963346028784576
1.2310270493269564
1.2400942234771433
1.261287231851008
1.262984409877186
1.2651504908469318
1.2693429311947126
1.2696381975561328
1.284458594599529
1.2877663027810067
1.3162633037143578
1.3258924819716054
1.3555552122184438
1.415424965117069
1.4400631016093364
1.4551279323362665
1.462518924084079
1.4848850399256792
1.4852018464264414
1.5576348998965697
1.5618081500879806
1.5870387432103514
1.5967917978401063
1.5989684037081218
1.6371695060793467
1.6834725855283232
1.6841845283348642
1.8012088462017697
1.844429801275243
1.928918562493269
1.9369988090280559
1.9702625297930214
2.03014505626212
2.0661581356677488
2.0711854972068853
2.0792302269250995
2.094688673920078
2.11431961385876
2.3401446945815993
2.385194723801183
2.5850849592376566
2.5874238062952553
2.668464203136879
2.7334395655353525
2.7454781935886134
2.755636150261348
2.870371193430033
3.0621478983851143
3.07663341387622
