0
0
0
0
0
0
0
0
0
0
0
0
0
0
0
0
0
0
0
0
0
0
0
0
0
0
0
0
0
0
0
1
0
0
0
0
0
0
0
0
0
0
0
0
0
0
0
2
0
0
0
0
0
0
0
3
0
0
0
4
0
5
6
0
0
0
0
0
0
0
0
0
0
0
0
0
0
0
0
7
0
0
0
0
0
0
0
8
0
0
0
9
0
10
11
0
0
0
0
0
0
0
0
12
0
0
0
13
0
14
15
0
0
0
0
16
0
17
18
0
0
19
20
0
21
0
0
0
0
0
0
0
0
0
0
0
0
0
0
0
0
0
0
22
0
0
0
0
0
0
0
23
0
0
0
24
0
25
26
0
0
0
0
0
0
0
0
27
0
0
0
28
0
29
30
0
0
0
0
31
0
32
33
0
0
34
35
0
36
0
0
0
0
0
0
0
0
0
0
37
0
0
0
38
0
39
40
0
0
0
0
41
0
42
43
0
0
44
45
0
46
0
0
0
0
0
0
47
0
48
49
0
0
50
51
0
52
0
0
0
0
53
54
0
55
0
0
0
56
0
0
0
0
0
0
0
0
0
0
0
0
0
0
0
0
0
0
0
0
0
0
57
0
0
0
0
0
0
0
58
0
0
0
59
0
60
61
0
0
0
0
0
0
0
0
62
0
0
0
63
0
64
65
0
0
0
0
66
0
67
68
0
0
69
70
0
71
0
0
0
0
0
0
0
0
0
0
72
0
0
0
73
0
74
75
0
0
0
0
76
0
77
78
0
0
79
80
0
81
0
0
0
0
0
0
82
0
83
84
0
0
85
86
0
87
0
0
0
0
88
89
0
90
0
0
0
91
0
0
0
0
0
0
0
0
0
0
0
0
0
0
92
0
0
0
93
0
94
95
0
0
0
0
96
0
97
98
0
0
99
100
0
101
0
0
0
0
0
0
102
0
103
104
0
0
105
106
0
107
0
0
0
0
108
109
0
110
0
0
0
111
0
0
0
0
0
0
0
0
0
0
112
0
113
114
0
0
115
116
0
117
0
0
0
0
118
119
0
120
0
0
0
121
0
0
0
0
0
0
0
0
122
123
0
124
0
0
0
125
0
0
0
0
0
0
0
126
0
0
0
0
0
0
0
0
0
0
0
0
0
0
0
0
0
0
0
0
0
0
0
0
0
0
0
0
0
0
127
0
0
0
0
0
0
0
128
0
0
0
129
0
130
131
0
0
0
0
0
0
0
0
132
0
0
0
133
0
134
135
0
0
0
0
136
0
137
138
0
0
139
140
0
141
0
0
0
0
0
0
0
0
0
0
142
0
0
0
143
0
144
145
0
0
0
0
146
0
147
148
0
0
149
150
0
151
0
0
0
0
0
0
152
0
153
154
0
0
155
156
0
157
0
0
0
0
158
159
0
160
0
0
0
161
0
0
0
0
0
0
0
0
0
0
0
0
0
0
162
0
0
0
163
0
164
165
0
0
0
0
166
0
167
168
0
0
169
170
0
171
0
0
0
0
0
0
172
0
173
174
0
0
175
176
0
177
0
0
0
0
178
179
0
180
0
0
0
181
0
0
0
0
0
0
0
0
0
0
182
0
183
184
0
0
185
186
0
187
0
0
0
0
188
189
0
190
0
0
0
191
0
0
0
0
0
0
0
0
192
193
0
194
0
0
0
195
0
0
0
0
0
0
0
196
0
0
0
0
0
0
0
0
0
0
0
0
0
0
0
0
0
0
0
0
0
0
197
0
0
0
198
0
199
200
0
0
0
0
201
0
202
203
0
0
204
205
0
206
0
0
0
0
0
0
207
0
208
209
0
0
210
211
0
212
0
0
0
0
213
214
0
215
0
0
0
216
0
0
0
0
0
0
0
0
0
0
217
0
218
219
0
0
220
221
0
222
0
0
0
0
223
224
0
225
0
0
0
226
0
0
0
0
0
0
0
0
227
228
0
229
0
0
0
230
0
0
0
0
0
0
0
231
0
0
0
0
0
0
0
0
0
0
0
0
0
0
0
0
0
0
232
0
233
234
0
0
235
236
0
237
0
0
0
0
238
239
0
240
0
0
0
241
0
0
0
0
0
0
0
0
242
243
0
244
0
0
0
245
0
0
0
0
0
0
0
246
0
0
0
0
0
0
0
0
0
0
0
0
0
0
0
0
247
248
0
249
0
0
0
250
0
0
0
0
0
0
0
251
0
0
0
0
0
0
0
0
0
0
0
0
0
0
0
252
0
0
0
0
0
0
0
0
0
0
0
0
0
0
0
0
0
0
0
0
0
0
0
0
0
0
0
0
0
0
0
