0.0 0.4328301410982316 0.4328301410982316
0.01 0.4311861684185652 0.4311861684185653
0.02 0.4294724384977427 0.4294724384977424
0.03 0.4276901094272641 0.4276901094272646
0.04 0.4258403744269923 0.42584037442699085
0.05 0.42392446093149794 0.42392446093149777
0.06 0.4219436296513816 0.42194362965138277
0.07 0.4198991736103129 0.4198991736103123
0.08 0.4177924171586354 0.4177924171586347
0.09 0.4156247149644012 0.41562471496439957
0.1 0.4133974509826467 0.4133974509826457
0.11 0.41111203740383717 0.4111120374038352
0.12 0.4087699135823348 0.4087699135823334
0.13 0.40637254494584835 0.40637254494584824
0.14 0.4039214218867627 0.4039214218867613
0.15 0.4014180586362974 0.4014180586362961
0.16 0.39886399212248486 0.398863992122485
0.17 0.39626078081291183 0.39626078081291105
0.18 0.39361000354321074 0.39361000354320985
0.19 0.3909132583323356 0.3909132583323346
0.2 0.3881721611855931 0.38817216118559217
0.21 0.38538834488647555 0.38538834488647333
0.22 0.3825634577783058 0.382563457778305
0.23 0.37969916253676567 0.3796991625367661
0.24 0.37679713493430944 0.376797134934309
0.25 0.37385906259754265 0.37385906259754154
0.26 0.3708866437586285 0.37088664375862646
0.27 0.3678815860017601 0.3678815860017589
0.28 0.3648456050057895 0.36484560500578833
0.29 0.3617804232840556 0.3617804232840547
0.3 0.3586877689225043 0.3586877689225033
0.31 0.3555693743171563 0.3555693743171551
0.32 0.35242697491199626 0.3524269749119957
0.33 0.3492623079383589 0.34926230793835666
0.34 0.3460771111568518 0.346077111156851
0.35000000000000003 0.34287312160293015 0.3428731216029282
0.36 0.3396520743371074 0.33965207433710554
0.37 0.3364157012009321 0.33641570120093034
0.38 0.3331657295797196 0.33316572957971824
0.39 0.3299038811731106 0.3299038811731093
0.4 0.3266318707744732 0.326631870774472
0.41000000000000003 0.3233514050601801 0.32335140506017823
0.42 0.3200641813897653 0.320064181389764
0.43 0.3167718866179745 0.3167718866179734
0.44 0.31347619591968257 0.31347619591968134
0.45 0.3101787716286689 0.310178771628668
0.46 0.3068812620912125 0.30688126209121125
0.47000000000000003 0.3035853005354481 0.3035853005354462
0.48 0.30029250395742757 0.3002925039574259
0.49 0.2970044720248019 0.29700447202480096
0.5 0.2937227859990209 0.2937227859990195
0.51 0.2904490076769323 0.2904490076769316
0.52 0.2871846783526618 0.2871846783526615
0.53 0.2839313178005938 0.28393131780059433
0.54 0.2806904232803027 0.2806904232803026
0.55 0.27746346856421583 0.2774634685642161
0.56 0.2742519029888193 0.2742519029888196
0.5700000000000001 0.2710571505301377 0.2710571505301383
0.58 0.2678806089042483 0.2678806089042488
0.59 0.2647236486935304 0.2647236486935307
0.6 0.261587612499347 0.2615876124993476
0.61 0.2584738141218226 0.2584738141218238
0.62 0.25538353776735484 0.25538353776735645
0.63 0.25231803728447455 0.25231803728447577
0.64 0.24927853542864153 0.24927853542864237
0.65 0.24626622315653832 0.24626622315654018
0.66 0.2432822589503974 0.24328225895039907
0.67 0.24032776817284987 0.24032776817285145
0.68 0.2374038424527968 0.23740384245279822
0.6900000000000001 0.2345115391027315 0.23451153910273284
0.7000000000000001 0.23165188056794014 0.23165188056794123
0.71 0.22882585390796384 0.22882585390796542
0.72 0.22603441031068863 0.22603441031069083
0.73 0.22327846463938317 0.22327846463938492
0.74 0.2205588950129831 0.22055889501298478
0.75 0.21787654241990034 0.21787654241990256
0.76 0.21523221036558096 0.21523221036558277
0.77 0.21262666455401755 0.2126266645540191
0.78 0.21006063260340038 0.21006063260340235
0.79 0.20753480379604147 0.20753480379604358
0.8 0.20504982886268064 0.20504982886268297
0.81 0.2026063198012602 0.2026063198012632
0.8200000000000001 0.2002048497302133 0.20020484973021657
0.8300000000000001 0.1978459527762758 0.19784595277627995
0.84 0.19553012399682157 0.19553012399682448
0.85 0.19325781933664754 0.19325781933665095
0.86 0.1910294556191693 0.19102945561917337
0.87 0.18884541057187723 0.18884541057188137
0.88 0.18670602288593546 0.18670602288593918
0.89 0.18461159230974594 0.18461159230974983
0.9 0.18256237977627823 0.1825623797762816
0.91 0.18055860756391964 0.18055860756392267
0.92 0.17860045949059786 0.17860045949060074
0.93 0.1766880811408699 0.17668808114087253
0.9400000000000001 0.17482158012565782 0.17482158012566015
0.9500000000000001 0.1730010263742787 0.17300102637428078
0.96 0.17122645245838383 0.17122645245838677
0.97 0.16949785394740316 0.16949785394740638
0.98 0.1678151897950408 0.16781518979504376
0.99 0.16617838275637029 0.16617838275637348
1.0 0.16458731983502936 0.1645873198350329
1.01 0.16304185275998928 0.1630418527599926
1.02 0.1615417984913535 0.16154179849135628
1.03 0.16008693975461413 0.16008693975461696
1.04 0.15867702560276725 0.1586770256027709
1.05 0.15731177200566332 0.15731177200566618
1.06 0.1559908624659358 0.15599086246593807
1.07 0.15471394866085797 0.15471394866086083
1.08 0.15348065110942058 0.15348065110942324
1.09 0.15229055986390932 0.1522905598639113
1.1 0.15114323522526074 0.15114323522526274
1.11 0.15003820848143345 0.15003820848143506
1.12 0.1489749826680095 0.14897498266801096
1.1300000000000001 0.1479530333502431 0.1479530333502443
1.1400000000000001 0.146971809425731 0.14697180942573182
1.1500000000000001 0.14603073394687932 0.1460307339468801
1.16 0.14512920496231646 0.14512920496231754
1.17 0.1442665963763865 0.1442665963763871
1.18 0.14344225882584025 0.14344225882584097
1.19 0.1426555205728413 0.14265552057284195
1.2 0.14190568841336512 0.141905688413366
1.21 0.14119204860008402 0.14119204860008455
1.22 0.14051386777879654 0.1405138677787969
1.23 0.13987039393746953 0.13987039393747025
1.24 0.13926085736693414 0.13926085736693516
1.25 0.13868447163227549 0.13868447163227698
1.26 0.1381404345539527 0.13814043455395458
1.27 0.13762792919766778 0.13762792919766997
1.28 0.1371461248720067 0.13714612487200914
1.29 0.1366941781328635 0.13669417813286627
1.3 0.13627123379365783 0.13627123379366068
1.31 0.13587642594035051 0.13587642594035346
1.32 0.1355088789502637 0.13550887895026648
1.33 0.13516770851370474 0.1351677085137069
1.34 0.13485202265739715 0.1348520226573997
1.35 0.13456092276872708 0.134560922768729
1.36 0.13429350461979395 0.13429350461979575
1.37 0.1340488593902925 0.13404885939029476
1.3800000000000001 0.1338260746882219 0.13382607468822422
1.3900000000000001 0.13362423556743838 0.13362423556744057
1.4000000000000001 0.13344242554107794 0.13344242554107963
1.41 0.13327972758986645 0.1332797275898685
1.42 0.1331352251643617 0.1331352251643637
1.43 0.13300800318015363 0.13300800318015527
1.44 0.13289714900508606 0.13289714900508734
1.45 0.1328017534375545 0.1328017534375562
1.46 0.13272091167495406 0.13272091167495587
1.47 0.132653724271353 0.1326537242713548
1.48 0.13259929808349616 0.13259929808349802
1.49 0.13255674720424238 0.13255674720424346
1.5 0.1325251938825553 0.13252519388255607
1.51 0.1325037694291945 0.13250376942919584
1.52 0.13249161510725374 0.1324916151072551
1.53 0.13248788300671244 0.13248788300671407
1.54 0.13249173690220123 0.13249173690220312
1.55 0.13250235309317612 0.13250235309317715
1.56 0.13251892122572645 0.13251892122572667
1.57 0.13254064509527105 0.1325406450952709
1.58 0.13256674342939628 0.13256674342939645
1.59 0.1325964506501284 0.13259645065012843
1.6 0.1326290176149394 0.13262901761493995
1.61 0.13266371233583094 0.13266371233583185
1.62 0.13269982067583225 0.13269982067583316
1.6300000000000001 0.13273664702229931 0.13273664702230023
1.6400000000000001 0.13277351493641332 0.1327735149364142
1.6500000000000001 0.1328097677783003 0.13280976777830145
1.6600000000000001 0.13284476930722683 0.132844769307228
1.67 0.1328779042563419 0.13287790425634338
1.68 0.13290857888147461 0.13290857888147573
1.69 0.1329362214835065 0.13293622148350764
1.7 0.13296028290388615 0.1329602829038874
1.71 0.1329802369928583 0.1329802369928593
1.72 0.13299558105002326 0.13299558105002465
1.73 0.13300583623686926 0.13300583623687068
1.74 0.13301054796093578 0.13301054796093695
1.75 0.1330092862313129 0.1330092862313142
1.76 0.13300164598520067 0.13300164598520178
1.77 0.1329872473852765 0.13298724738527706
1.78 0.13296573608766235 0.13296573608766263
1.79 0.1329367834803028 0.13293678348030266
1.8 0.13290008689159435 0.13290008689159377
1.81 0.13285536976914328 0.13285536976914236
1.82 0.13280238182855372 0.13280238182855256
1.83 0.13274089917217868 0.13274089917217666
1.84 0.13267072437779542 0.1326707243777932
1.85 0.132591686557207 0.13259168655720455
1.86 0.13250364138478035 0.13250364138477783
1.87 0.13240647109598547 0.13240647109598264
1.8800000000000001 0.13230008445601207 0.13230008445600913
1.8900000000000001 0.13218441669858152 0.13218441669857844
1.9000000000000001 0.13205942943509272 0.13205942943508905
1.9100000000000001 0.13192511053427458 0.1319251105342708
1.92 0.1317814739725513 0.13178147397254775
1.93 0.13162855965534337 0.13162855965534057
1.94 0.13146643320956938 0.13146643320956664
1.95 0.13129518574762966 0.13129518574762727
1.96 0.13111493360319817 0.13111493360319554
1.97 0.13092581803915204 0.13092581803914943
1.98 0.13072800492802464 0.13072800492802183
1.99 0.13052168440536754 0.1305216844053642
2.0 0.1303070704964525 0.1303070704964489
2.0100000000000002 0.13008440071676589 0.1300844007167623
2.02 0.12985393564676662 0.12985393564676279
2.0300000000000002 0.1296159584814125 0.12961595848140844
2.04 0.12937077455498272 0.12937077455497842
2.05 0.12911871084174434 0.12911871084173993
2.06 0.1288601154330393 0.12886011543303477
2.07 0.1285953569913881 0.1285953569913834
2.08 0.1283248241822297 0.12832482418222463
2.09 0.12804892508393867 0.1280489250839339
2.1 0.12776808657678648 0.1277680865767821
2.11 0.12748275371152265 0.12748275371151785
2.12 0.12719338905828004 0.12719338905827565
2.13 0.1269004720365367 0.12690047203653249
2.14 0.12660449822685663 0.12660449822685219
2.15 0.1263059786651799 0.12630597866517512
2.16 0.126005439120433 0.12600543912042805
2.17 0.1257034193562495 0.1257034193562444
2.18 0.12540047237760457 0.12540047237759944
2.19 0.1250971636631878 0.12509716366318252
2.2 0.12479407038434254 0.12479407038433736
2.21 0.12449178061142399 0.12449178061141883
2.22 0.12419089250842787 0.12419089250842273
2.23 0.12389201351676414 0.1238920135167588
2.24 0.12359575952905108 0.12359575952904554
2.25 0.12330275405382175 0.1233027540538164
2.2600000000000002 0.12301362737203832 0.12301362737203296
2.27 0.12272901568631665 0.1227290156863109
2.2800000000000002 0.12244956026377432 0.12244956026376885
2.29 0.12217590657342324 0.12217590657341759
2.3000000000000003 0.12190870341901609 0.1219087034190103
2.31 0.12164860206828597 0.12164860206828018
2.32 0.12139625537949879 0.12139625537949263
2.33 0.12115231692624938 0.12115231692624312
2.34 0.12091744012143794 0.12091744012143169
2.35 0.12069227734135175 0.12069227734134544
2.36 0.1204774790507865 0.12047747905078018
2.37 0.12027369293013544 0.12027369293012952
2.38 0.12008156300537473 0.12008156300536839
2.39 0.11990172878186035 0.11990172878185353
2.4 0.11973482438286641 0.11973482438285925
2.41 0.1195814776937689 0.11958147769376179
2.42 0.11944230951278464 0.11944230951277773
2.43 0.11931793270916508 0.11931793270915807
2.44 0.11920895138973435 0.11920895138972744
2.45 0.11911596007465859 0.11911596007465167
2.46 0.11903954288331363 0.11903954288330651
2.47 0.11898027273111661 0.11898027273110928
2.48 0.11893871053817076 0.11893871053816338
2.49 0.11891540445056194 0.11891540445055442
2.5 0.1189108890751299 0.1189108890751221
2.5100000000000002 0.11892568472852644 0.11892568472851872
2.52 0.11896029670135798 0.11896029670135042
2.5300000000000002 0.11901521453818853 0.11901521453818084
2.54 0.11909091133416962 0.11909091133416164
2.5500000000000003 0.11918784304904437 0.11918784304903612
2.56 0.11930644783925289 0.11930644783924474
2.57 0.11944714540885125 0.11944714540884303
2.58 0.11961033637993032 0.11961033637992213
2.59 0.1197964016832114 0.11979640168320327
2.6 0.12000570196946418 0.12000570196945598
2.61 0.12023857704237752 0.12023857704236945
2.62 0.12049534531349083 0.12049534531348274
2.63 0.12077630327976759 0.12077630327975973
2.64 0.12108172502437636 0.12108172502436873
2.65 0.1214118617412128 0.12141186174120518
2.66 0.12176694128367802 0.12176694128367033
2.67 0.12214716773820243 0.12214716773819487
2.68 0.12255272102297829 0.12255272102297082
2.69 0.12298375651233683 0.12298375651232937
2.7 0.12344040468718435 0.12344040468717704
2.71 0.1239227708118818 0.1239227708118743
2.72 0.124430934637924 0.12443093463791652
2.73 0.1249649501347541 0.12496495013474679
2.74 0.12552484524801294 0.12552484524800553
2.75 0.12611062168549894 0.12611062168549184
2.7600000000000002 0.1267222547310923 0.12672225473108495
2.77 0.12735969308685094 0.12735969308684372
2.7800000000000002 0.12802285874348404 0.12802285874347663
2.79 0.12871164687935002 0.12871164687934253
2.8000000000000003 0.12942592578812342 0.12942592578811613
2.81 0.13016553683522872 0.13016553683522133
2.82 0.13093029444311544 0.13093029444310805
2.83 0.13171998610542393 0.1317199861054167
2.84 0.13253437243005478 0.13253437243004726
2.85 0.13337318721112804 0.1333731872111207
2.86 0.13423613752979446 0.1342361375297872
2.87 0.13512290388382048 0.13512290388381298
2.88 0.13603314034585 0.1360331403458427
2.89 0.13696647475021492 0.1369664747502079
2.9 0.13792250890812904 0.13792250890812202
2.91 0.138900818851082 0.13890081885107508
2.92 0.13990095510221803 0.139900955102211
2.93 0.140922442975449 0.14092244297544218
2.94 0.14196478290203582 0.141964782902029
2.95 0.14302745078433 0.1430274507843233
2.96 0.14410989837635338 0.14410989837634638
2.97 0.1452115536908529 0.14521155369084643
2.98 0.14633182143245818 0.14633182143245171
2.99 0.14747008345651802 0.14747008345651166
3.0 0.14862569925319377 0.1486256992531874
3.0100000000000002 0.14979800645634025 0.149798006456334
3.02 0.1509863213766904 0.15098632137668416
3.0300000000000002 0.15218993955883048 0.15218993955882476
3.04 0.15340813636143488 0.1534081363614288
3.0500000000000003 0.15464016756018925 0.15464016756018345
3.06 0.15588526997283783 0.15588526997283228
3.0700000000000003 0.1571426621057303 0.15714266210572475
3.08 0.15841154482125233 0.15841154482124664
3.09 0.15969110202548706 0.15969110202548198
3.1 0.16098050137544156 0.16098050137543674
3.11 0.1622788950051382 0.16227889500513365
3.12 0.16358542026987502 0.16358542026987066
3.13 0.1648992005079157 0.1648992005079116
3.14 0.16621934581887074 0.166219345818867
3.15 0.16754495385800033 0.16754495385799678
3.16 0.16887511064566282 0.16887511064565897
3.17 0.17020889139110937 0.17020889139110526
3.18 0.17154536132981885 0.17154536132981463
3.19 0.17288357657354111 0.17288357657353778
3.2 0.17422258497221912 0.1742225849722159
3.21 0.1755614269869243 0.17556142698692068
3.22 0.17689913657295703 0.17689913657295397
3.23 0.17823474207223522 0.17823474207223228
3.24 0.179567267114076 0.17956726711407278
3.25 0.18089573152349134 0.18089573152348798
3.2600000000000002 0.1822191522360904 0.18221915223608665
3.27 0.18353654421867688 0.1835365442186731
3.2800000000000002 0.1848469213946353 0.18484692139463132
3.29 0.1861492975731718 0.18614929757316795
3.3000000000000003 0.18744268738149908 0.18744268738149567
3.31 0.18872610719902452 0.18872610719902155
3.3200000000000003 0.18999857609261492 0.18999857609261261
3.33 0.19125911675200424 0.19125911675200144
3.34 0.19250675642440196 0.19250675642439943
3.35 0.19374052784738266 0.193740527847381
3.36 0.1949594701791066 0.1949594701791043
3.37 0.19616262992493988 0.196162629924938
3.38 0.19734906185956233 0.19734906185956125
3.39 0.19851782994361508 0.19851782994361405
3.4 0.19966800823397463 0.1996680082339732
3.41 0.20079868178674168 0.20079868178674048
3.42 0.20190894755203181 0.2019089475520311
3.43 0.2029979152596607 0.20299791525966068
3.44 0.20406470829483714 0.20406470829483705
3.45 0.20510846456297063 0.2051084645629705
3.46 0.2061283373427268 0.20612833734272662
3.47 0.20712349612645914 0.20712349612645936
3.48 0.208093127447168 0.20809312744716832
3.49 0.20903643569114141 0.20903643569114175
3.5 0.20995264389545787 0.20995264389545817
3.5100000000000002 0.2108409945295319 0.21084099452953198
3.52 0.2117007502599061 0.21170075025990726
3.5300000000000002 0.21253119469751344 0.212531194697515
3.54 0.21333163312662962 0.2133316331266308
3.5500000000000003 0.21410139321478067 0.21410139321478228
3.56 0.21483982570287535 0.21483982570287719
3.5700000000000003 0.2155463050748387 0.21554630507484068
3.58 0.21622023020606668 0.2162202302060688
3.59 0.21686102499002538 0.21686102499002768
3.6 0.21746813894234426 0.21746813894234673
3.61 0.21804104778177313 0.21804104778177574
3.62 0.21857925398739836 0.21857925398740105
3.63 0.21908228733153026 0.21908228733153323
3.64 0.21954970538770413 0.2195497053877078
3.65 0.21998109401325586 0.21998109401326058
3.66 0.22037606780595967 0.22037606780596455
3.67 0.22073427053423866 0.22073427053424283
3.68 0.22105537554048818 0.2210553755404925
3.69 0.22133908611708103 0.22133908611708564
3.7 0.22158513585463238 0.2215851358546364
3.71 0.2217932889621484 0.2217932889621526
3.72 0.2219633405587102 0.22196334055871408
3.73 0.2220951169363489 0.22209511693635173
3.74 0.22218847579382353 0.22218847579382642
3.75 0.2222433064410323 0.22224330644103524
3.7600000000000002 0.22225952997380063 0.22225952997380344
3.77 0.222237099418843 0.22223709941884548
3.7800000000000002 0.2221759998487095 0.22217599984871164
3.79 0.22207624846656016 0.22207624846656276
3.8000000000000003 0.2219378946606453 0.22193789466064745
3.81 0.22176102002838102 0.2217610200283826
3.8200000000000003 0.221545738369971 0.22154573836997263
3.83 0.22129219565152528 0.2212921956515269
3.84 0.22100056993766717 0.22100056993766895
3.85 0.22067107129365696 0.2206710712936589
3.86 0.2203039416570802 0.22030394165708167
3.87 0.21989945467917957 0.2198994546791813
3.88 0.21945791553595181 0.219457915535954
3.89 0.21897966070913913 0.2189796607091404
3.9 0.21846505773728656 0.21846505773728805
3.91 0.2179145049370819 0.21791450493708395
3.92 0.21732843109518496 0.2173284310951868
3.93 0.21670729513081624 0.21670729513081738
3.94 0.2160515857293927 0.21605158572939426
3.95 0.2153618209475286 0.21536182094753067
3.96 0.21463854778973418 0.21463854778973646
3.97 0.21388234175719623 0.2138823417571981
3.98 0.2130938063690333 0.21309380636903505
3.99 0.2122735726564589 0.21227357265646118
4.0 0.21142229863030151 0.21142229863030332
4.01 0.2105406687223573 0.21054066872235858
4.0200000000000005 0.20962939320109514 0.2096293932010959
4.03 0.2086892075622341 0.208689207562235
4.04 0.20772087189475585 0.20772087189475671
4.05 0.20672517022292874 0.2067251702229297
4.0600000000000005 0.20570290982495434 0.20570290982495573
4.07 0.20465492052886236 0.20465492052886394
4.08 0.20358205398630344 0.20358205398630533
4.09 0.20248518292491782 0.20248518292491954
4.1 0.20136520037996994 0.20136520037997194
4.11 0.20022301890597152 0.2002230189059735
4.12 0.19905956976902153 0.1990595697690238
4.13 0.197875802120626 0.1978758021206281
4.14 0.1966726821537649 0.1966726821537667
4.15 0.19545119224200627 0.19545119224200794
4.16 0.19421233006247157 0.19421233006247346
4.17 0.19295710770348162 0.19295710770348362
4.18 0.1916865507577202 0.19168655075772328
4.19 0.19040169740178423 0.19040169740178692
4.2 0.18910359746296967 0.18910359746297264
4.21 0.1877933114742049 0.18779331147420766
4.22 0.18647190971800287 0.18647190971800584
4.23 0.18514047126035837 0.18514047126036168
4.24 0.18380008297549857 0.18380008297550182
4.25 0.1824518385624159 0.1824518385624196
4.26 0.18109683755413028 0.18109683755413436
4.2700000000000005 0.17973618432061256 0.17973618432061703
4.28 0.17837098706633228 0.17837098706633642
4.29 0.17700235682337911 0.1770023568233831
4.3 0.17563140644113392 0.17563140644113728
4.3100000000000005 0.17425924957344202 0.17425924957344582
4.32 0.1728869996642767 0.17288699966428125
4.33 0.17151576893285198 0.1715157689328567
4.34 0.17014666735916592 0.1701466673591708
4.3500000000000005 0.1687808016709557 0.1687808016709599
4.36 0.16741927433302808 0.16741927433303194
4.37 0.1660631825399508 0.1660631825399551
4.38 0.16471361721307023 0.16471361721307504
4.39 0.16337166200282116 0.16337166200282643
4.4 0.16203839229730096 0.16203839229730604
4.41 0.16071487423805728 0.16071487423806252
4.42 0.15940216374405383 0.15940216374405897
4.43 0.15810130554474716 0.15810130554475263
4.44 0.1568133322232248 0.15681333222322996
4.45 0.15553926327032136 0.15553926327032624
4.46 0.15428010415064358 0.1542801041506483
4.47 0.15303684538140516 0.1530368453814104
4.48 0.1518104616249743 0.15181046162497897
4.49 0.15060191079600693 0.1506019107960119
4.5 0.14941213318405833 0.14941213318406268
4.51 0.1482420505925036 0.14824205059250786
4.5200000000000005 0.14709256549463426 0.14709256549463862
4.53 0.14596456020774104 0.145964560207745
4.54 0.14485889608599467 0.14485889608599864
4.55 0.14377641273292868 0.1437764127329322
4.5600000000000005 0.1427179272342799 0.1427179272342827
4.57 0.1416842334119581 0.14168423341196046
4.58 0.14067610109987144 0.14067610109987444
4.59 0.1396942754423266 0.1396942754423298
4.6000000000000005 0.1387394762156906 0.13873947621569466
4.61 0.13781239717399751 0.13781239717400254
4.62 0.13691370541914039 0.1369137054191455
4.63 0.13604404079627375 0.1360440407962791
4.64 0.1352040153150406 0.13520401531504625
4.65 0.13439421259718898 0.1343942125971945
4.66 0.13361518735113748 0.13361518735114222
4.67 0.13286746487401468 0.13286746487401885
4.68 0.13215154058167983 0.13215154058168369
4.69 0.13146787956719205 0.13146787956719547
4.7 0.13081691618817887 0.13081691618818264
4.71 0.13019905368352855 0.13019905368353257
4.72 0.1296146638197908 0.12961466381979486
4.73 0.12906408656765617 0.12906408656766033
4.74 0.12854762980884893 0.12854762980885254
4.75 0.12806556907373484 0.12806556907373842
4.76 0.12761814730992954 0.12761814730993312
4.7700000000000005 0.12720557468214555 0.12720557468214927
4.78 0.1268280284035018 0.12682802840350527
4.79 0.12648565259847808 0.12648565259848174
4.8 0.12617855819767848 0.1261785581976823
4.8100000000000005 0.12590682286451998 0.1259068228645239
4.82 0.12567049095395164 0.12567049095395558
4.83 0.1254695735032623 0.12546957350326554
4.84 0.12530404825501235 0.12530404825501523
4.8500000000000005 0.12517385971209755 0.12517385971210046
4.86 0.12507891922490988 0.1250789192249123
4.87 0.12501910511053665 0.12501910511053868
4.88 0.12499426280391504 0.12499426280391704
4.89 0.1250042050408145 0.1250042050408165
4.9 0.12504871207249602 0.1250487120724984
4.91 0.12512753191187032 0.12512753191187242
4.92 0.1252403806109341 0.12524038061093581
4.93 0.12538694256925 0.12538694256925154
4.94 0.1255668708731928 0.1255668708731938
4.95 0.12577978766565487 0.12577978766565479
4.96 0.12602528454588333 0.1260252845458829
4.97 0.1263029229990878 0.12630292299908713
4.98 0.12661223485542034 0.1266122348554187
4.99 0.12695272277791034 0.12695272277790845
5.0 0.12732386077891464 0.1273238607789121
