0.0 9.62964972193618e-34 9.62964972193618e-34
0.01 -1.661988920471213e-17 1.278458512623091e-32
0.02 -6.533891943804684e-17 1.4377952425604443e-32
0.03 -1.5344071539818016e-16 1.4032224349014966e-32
0.04 -1.851871145587458e-16 1.469135512070633e-32
0.05 -2.432527953565774e-16 1.3442031826799734e-32
0.06 -2.0967956833017628e-16 1.2993041428009844e-32
0.07 -2.1313417897066314e-16 1.4280352704490934e-32
0.08 -3.242512134656508e-16 1.3087443680367703e-32
0.09 -2.2728498601145685e-16 1.4729555840207675e-32
0.1 -1.6923194184504807e-16 1.3425225839167326e-32
0.11 -1.4502647983470894e-16 1.4087867800431189e-32
0.12 -2.1697058640340243e-16 1.4280755403141587e-32
0.13 -2.9129238062948774e-16 1.3718459884477654e-32
0.14 -3.1449586883767404e-16 1.5563974260325137e-32
0.15 -2.6901692289413694e-16 1.386905834323325e-32
0.16 -2.0598581315715543e-16 1.2933829160247285e-32
0.17 -1.8176204729422173e-16 1.3674323010340154e-32
0.18 -9.621722533569455e-17 1.4461595658123996e-32
0.19 -7.938466897050188e-17 1.4505670818808077e-32
0.2 -2.016035823254169e-16 1.2203670844234021e-32
0.21 -1.5881910112665494e-16 1.3939987672361868e-32
0.22 -1.4119340428547702e-16 1.470157870731612e-32
0.23 -1.2679342066568029e-16 1.5381943082628551e-32
0.24 -1.8461676008470554e-16 1.474436670168605e-32
0.25 -1.627836388362787e-16 1.5959557496735607e-32
0.26 -2.3060260230761513e-16 1.4281833184524497e-32
0.27 -1.8140777576403262e-16 1.4818211256804707e-32
0.28 -2.305598271437788e-16 1.5416702450582366e-32
0.29 -1.8312682913048522e-16 1.464078213949159e-32
0.3 -1.7120992259556447e-16 1.4703318438955337e-32
0.31 -1.972231514386913e-16 1.5292288128491336e-32
0.32 -2.490149809985555e-16 1.501835092497571e-32
0.33 -3.0839199060108194e-16 1.4479645373880872e-32
0.34 -2.2081132495382905e-16 1.6414273976464193e-32
0.35000000000000003 -1.8059081248640585e-16 1.5713961462018307e-32
0.36 -2.389412181568601e-16 1.4990656278070337e-32
0.37 -1.7631329610277163e-16 1.6514473114928284e-32
0.38 -1.1728357000861944e-16 1.646284540304017e-32
0.39 -1.1694475682971772e-16 1.6374354188310268e-32
0.4 -1.2779016668636178e-16 1.5849895628747396e-32
0.41000000000000003 -9.781875288071562e-17 1.6271757041370498e-32
0.42 -1.002954772184872e-16 1.6984764894805265e-32
0.43 -9.628054104850181e-17 1.6864958510569458e-32
0.44 -1.2091564728644588e-16 1.6445071928455736e-32
0.45 -1.4769544094683784e-16 1.6598920629091357e-32
0.46 -1.1892003766271475e-16 1.6591021307053832e-32
0.47000000000000003 -1.6875606814736877e-16 1.854723198591825e-32
0.48 -1.9577980729656996e-16 1.7424023623820537e-32
0.49 -1.083727834035042e-16 1.7923373624049845e-32
0.5 -1.0052587018014036e-16 1.7559064414843002e-32
0.51 -1.0194888553152759e-16 1.8229566392552035e-32
0.52 -2.1385887852276575e-17 1.8443788483045888e-32
0.53 1.2339575975600647e-17 1.9458663285771818e-32
0.54 4.705437428587089e-17 1.8901949161222383e-32
0.55 -7.521652571618187e-18 1.738603164640196e-32
0.56 -3.0188254240143264e-17 1.8660455601789452e-32
0.5700000000000001 -4.9534486755431484e-17 1.9419918991968716e-32
0.58 -5.89534931288993e-18 1.8093585206048912e-32
0.59 -8.66277535815918e-17 1.9336788031478564e-32
0.6 -1.0126448291014611e-16 1.900727345505606e-32
0.61 -1.3536264123481523e-16 1.866722644925019e-32
0.62 -1.6425662913155392e-16 2.0504759218455589e-32
0.63 -1.9258141088773773e-16 2.0317056280516286e-32
0.64 -1.819020194887555e-16 1.9540289613492918e-32
0.65 -2.358275250427533e-16 1.9484994359230238e-32
0.66 -2.428477341095969e-16 2.0080076619390513e-32
0.67 -2.7216185034817375e-16 2.061798283432679e-32
0.68 -2.5886682120807025e-16 2.1718621704888716e-32
0.6900000000000001 -2.691938469009947e-16 2.0188410178762295e-32
0.7000000000000001 -2.464662588602673e-16 2.095276362544098e-32
0.71 -2.6946489744411606e-16 1.906369718389553e-32
0.72 -2.366000190906492e-16 2.1652417863050404e-32
0.73 -2.429426017996894e-16 1.962943910505928e-32
0.74 -3.061244834012822e-16 2.129281063124685e-32
0.75 -3.875751716092557e-16 2.1669721139894508e-32
0.76 -3.1899938419954754e-16 2.0182391647686084e-32
0.77 -3.8689754525145226e-16 2.0421628257965436e-32
0.78 -4.060337135958214e-16 2.052544791903006e-32
0.79 -3.945682756217872e-16 2.1109245433422442e-32
0.8 -4.727121472036799e-16 2.0607450404943424e-32
0.81 -4.3907477480231716e-16 2.0050736280393988e-32
0.8200000000000001 -4.365811098056005e-16 2.0997150292128028e-32
0.8300000000000001 -4.706792681302696e-16 2.0827126789225093e-32
0.84 -4.541180799455535e-16 2.2006758880162275e-32
0.85 -4.530880878816923e-16 2.177203616819008e-32
0.86 -5.322890565817584e-16 2.083164068753225e-32
0.87 -6.357219438368755e-16 2.1931527241709648e-32
0.88 -5.984524941576863e-16 2.046902419019059e-32
0.89 -5.300664421281631e-16 2.0851200913529933e-32
0.9 -6.18293393914171e-16 2.1853286337718917e-32
0.91 -6.214104751600669e-16 2.1425970631308e-32
0.92 -6.358303640541241e-16 2.1382336281005476e-32
0.93 -6.361556247058697e-16 2.0816594359841725e-32
0.9400000000000001 -5.37926907878683e-16 2.1328169501319585e-32
0.9500000000000001 -6.188626000547259e-16 2.1003168823204238e-32
0.96 -6.152847328855238e-16 2.098059933166845e-32
0.97 -6.435281994787712e-16 2.106937266504255e-32
0.98 -5.966906656273974e-16 2.1529790292372623e-32
0.99 -5.30445912888533e-16 2.1073886563349707e-32
1.0 -5.608035737181272e-16 2.10994653204236e-32
1.01 -5.830839283627043e-16 2.0303514585594813e-32
1.02 -5.559788740505667e-16 2.0330597975437758e-32
1.03 -5.654656430598148e-16 2.0709765433238996e-32
1.04 -5.983169688861256e-16 2.19330318744787e-32
1.05 -5.340779901663595e-16 2.1079905094425917e-32
1.06 -5.371137562493189e-16 2.1001664190435186e-32
1.07 -4.699474316638419e-16 2.0538237297567007e-32
1.08 -4.811147140404426e-16 2.042689447265712e-32
1.09 -4.327592971475891e-16 2.1103979218730758e-32
1.1 -4.55581752878409e-16 2.095652520736361e-32
1.11 -4.1752625662416776e-16 2.128453515101706e-32
1.12 -3.0482344079429957e-16 2.0166593003611033e-32
1.1300000000000001 -2.7901942908914457e-16 1.9847610856571897e-32
1.1400000000000001 -2.364644938190885e-16 2.0437426902040488e-32
1.1500000000000001 -2.1768069118077715e-16 2.067064498124363e-32
1.16 -2.330763620300713e-16 2.067892046147342e-32
1.17 -1.7042302898756523e-16 2.0377241591278387e-32
1.18 -1.7234071158014896e-16 1.9921902099543866e-32
1.19 -1.3511784871305874e-16 2.0231409762115374e-32
1.2 -1.5746003676278542e-16 2.050137379472522e-32
1.21 -1.620475672051147e-16 1.8765027579238603e-32
1.22 -1.4208469470422536e-16 2.0915900122599192e-32
1.23 -1.5428196914468728e-16 2.0019138992243885e-32
1.24 -9.725293487194975e-17 1.966555029151654e-32
1.25 -9.25366554216378e-17 1.9221683624646045e-32
1.26 -1.371515748194163e-16 1.9400734924163296e-32
1.27 -1.8279648628105605e-16 1.9150965884500577e-32
1.28 -1.730386667286865e-16 1.9719717071202432e-32
1.29 -2.183583175385806e-16 1.931948475463446e-32
1.3 -2.1467203015212988e-16 1.82722603473739e-32
1.31 -1.8941011953321762e-16 1.9298419895867724e-32
1.32 -1.9168694409543718e-16 1.8118787804930542e-32
1.33 -1.971079549578647e-16 1.8573186901184406e-32
1.34 -2.242130092700023e-16 1.8365547579055157e-32
1.35 -2.4058446207453343e-16 1.9132910291271946e-32
1.36 -1.4734307524078005e-16 1.9846106223802844e-32
1.37 -2.207435623180487e-16 1.7372489951480488e-32
1.3800000000000001 -1.7672495411513722e-16 1.7252119329956286e-32
1.3900000000000001 -2.516433242338856e-16 1.746878644869985e-32
1.4000000000000001 -2.56847494661816e-16 1.9999578766246202e-32
1.41 -2.358139725155972e-16 1.659910870818749e-32
1.42 -2.6042536183101817e-16 1.6463691758972761e-32
1.43 -2.2497195079074217e-16 1.637341379282961e-32
1.44 -2.4817387728193196e-16 1.7068554132131878e-32
1.45 -2.5825695748604716e-16 1.718290622257987e-32
1.46 -2.933851078745775e-16 1.8380593906745682e-32
1.47 -2.634611279139776e-16 1.7905129951725083e-32
1.48 -2.561969733583247e-16 1.6881979668769364e-32
1.49 -3.7296554733501353e-16 1.712873944289398e-32
1.5 -3.9454117056747506e-16 1.5609060346150926e-32
1.51 -3.550762114890027e-16 1.6608136504801804e-32
1.52 -3.507394027990607e-16 1.6514849273120547e-32
1.53 -4.12647346847983e-16 1.716485062935124e-32
1.54 -3.496552006265752e-16 1.6749571985092742e-32
1.55 -4.0961158076502358e-16 1.6138691080857415e-32
1.56 -4.006127027333939e-16 1.668336814325443e-32
1.57 -4.02997947512862e-16 1.6520867804196758e-32
1.58 -3.625572064791527e-16 1.5443550741555147e-32
1.59 -3.0964814046186007e-16 1.7068554132131878e-32
1.6 -3.623403660446556e-16 1.4892855148081922e-32
1.61 -3.8337388819087437e-16 1.61296632842431e-32
1.62 -4.1926098010014456e-16 1.5560912097541245e-32
1.6300000000000001 -4.0462425077159025e-16 1.498012384868697e-32
1.6400000000000001 -3.7730235602495554e-16 1.6644247691259065e-32
1.6500000000000001 -4.0917789989602937e-16 1.4916929272386763e-32
1.6600000000000001 -4.233809483555895e-16 1.5317161588954735e-32
1.67 -4.590511998303626e-16 1.608753356670963e-32
1.68 -4.888667595737139e-16 1.6228969047000567e-32
1.69 -4.40619762898109e-16 1.6316237747605614e-32
1.7 -4.517328351660854e-16 1.5443550741555147e-32
1.71 -4.143820703239598e-16 1.510651300128738e-32
1.72 -4.1671310499480363e-16 1.483266983731982e-32
1.73 -4.192067699915203e-16 1.475442893332909e-32
1.74 -4.3113299388886084e-16 1.5497717521241039e-32
1.75 -4.602980323287209e-16 1.5067392549292015e-32
1.76 -5.452452725429602e-16 1.4423409724137534e-32
1.77 -4.932577783722802e-16 1.5208828029582953e-32
1.78 -4.682127081878651e-16 1.4956049724382128e-32
1.79 -5.229107077897588e-16 1.524192995050211e-32
1.8 -5.554909830729482e-16 1.293984181385174e-32
1.81 -6.23795719939535e-16 1.4300029837075226e-32
1.82 -5.95443833129039e-16 1.4149566560169973e-32
1.83 -5.811323644522304e-16 1.4215770402008285e-32
1.84 -6.2341624917916505e-16 1.39870662211123e-32
1.85 -6.40546643504436e-16 1.3734287915911476e-32
1.86 -6.229283582015466e-16 1.5353272775411996e-32
1.87 -6.35613523619627e-16 1.4269937181694176e-32
1.8800000000000001 -6.194047011409687e-16 1.366507480853506e-32
1.8900000000000001 -6.774637274775674e-16 1.456484520442847e-32
1.9000000000000001 -6.991477709272775e-16 1.3899797520507254e-32
1.9100000000000001 -6.951904329977054e-16 1.4315076164765751e-32
1.92 -7.060324547225605e-16 1.371924158822095e-32
1.93 -7.131339789523405e-16 1.347549107963444e-32
1.94 -6.644533014077414e-16 1.373127865037337e-32
1.95 -6.959493745184453e-16 1.4694243622566989e-32
1.96 -7.076045478726645e-16 1.3978038424497985e-32
1.97 -7.300475328431144e-16 1.3764380571292526e-32
1.98 -7.136760800385833e-16 1.4227807464160705e-32
1.99 -6.664590754268396e-16 1.3252805429814667e-32
2.0 -6.43690829804644e-16 1.4531743283509316e-32
2.0100000000000002 -6.557254739192331e-16 1.33912316445675e-32
2.02 -6.645617216249899e-16 1.423683526077502e-32
2.0300000000000002 -7.280959689326405e-16 1.4561835938890366e-32
2.04 -7.254938837186753e-16 1.3758362040216316e-32
2.05 -7.482079192322466e-16 1.470628068471941e-32
2.06 -7.268491364342822e-16 1.504632769052528e-32
2.07 -7.376911581591372e-16 1.4673178763800253e-32
2.08 -7.260901949135423e-16 1.560003254953661e-32
2.09 -7.450095228234144e-16 1.4549798876737946e-32
2.1 -7.827397584259099e-16 1.3698176729454215e-32
2.11 -8.053453737222327e-16 1.4336141023532487e-32
2.12 -8.599891632155021e-16 1.365303774638264e-32
2.13 -7.869681468986034e-16 1.370720452606853e-32
2.14 -7.984064798183255e-16 1.479054011978635e-32
2.15 -7.419195466318307e-16 1.4281974243846596e-32
2.16 -7.97918588840707e-16 1.4119473904788923e-32
2.17 -7.327580382743282e-16 1.4670169498262148e-32
2.18 -7.218618064408489e-16 1.430303910261333e-32
2.19 -8.294688720600352e-16 1.3749334243602e-32
2.2 -7.989485809045682e-16 1.5693319781217867e-32
2.21 -8.684459401608891e-16 1.4733364074562354e-32
2.22 -9.662951862277058e-16 1.420674260539397e-32
2.23 -9.298117831235686e-16 1.507642034590633e-32
2.24 -9.300286235580657e-16 1.418266848108913e-32
2.25 -9.128982292327947e-16 1.3984056955574195e-32
2.2600000000000002 -9.89768163262017e-16 1.5181744639740008e-32
2.27 -1.0412677664550785e-15 1.4426418989675639e-32
2.2800000000000002 -1.0131327200790796e-15 1.4056279328488717e-32
2.29 -1.1179750701584279e-15 1.3565769045777593e-32
2.3000000000000003 -1.0962368166000935e-15 1.429702057153712e-32
2.31 -1.051405056767818e-15 1.530813379234042e-32
2.32 -1.1311481265541268e-15 1.368313040176369e-32
2.33 -1.1883940012613614e-15 1.476646599548151e-32
2.34 -1.133153900573225e-15 1.5518782380007774e-32
2.35 -1.0987304815968102e-15 1.536831910310252e-32
2.36 -1.0508629556815752e-15 1.5154661249897062e-32
2.37 -1.0836600713992617e-15 1.4859753227162767e-32
2.38 -1.104802013762729e-15 1.533220791664526e-32
2.39 -1.1188424318964163e-15 1.5323180120030945e-32
2.4 -1.1778230300796277e-15 1.529007819911179e-32
2.41 -1.0810579861852965e-15 1.5136605656668432e-32
2.42 -1.0963994469259664e-15 1.5864847916889855e-32
2.43 -1.1419901482789818e-15 1.4125492435865133e-32
2.44 -1.0806785154249265e-15 1.5211837295121058e-32
2.45 -1.0434361708000495e-15 1.6189848595005201e-32
2.46 -9.762698462145725e-16 1.579563480951344e-32
2.47 -8.605854744103691e-16 1.4850725430548451e-32
2.48 -8.784206001477557e-16 1.5473643396936198e-32
2.49 -8.211747254405211e-16 1.5479661928012408e-32
2.5 -7.761803352823726e-16 1.558197695630798e-32
2.5100000000000002 -7.691330211612168e-16 1.558197695630798e-32
2.52 -7.376911581591372e-16 1.5371328368640626e-32
2.5300000000000002 -7.178502584026525e-16 1.6015311193795108e-32
2.54 -6.954072734322025e-16 1.555188430092693e-32
2.5500000000000003 -7.614351857365698e-16 1.5169707577587587e-32
2.56 -6.961662149529424e-16 1.6039385318099949e-32
2.57 -7.331375090346981e-16 1.510651300128738e-32
2.58 -6.109479241955817e-16 1.4947021927767813e-32
2.59 -5.765787153277913e-16 1.4850725430548451e-32
2.6 -6.117068657163216e-16 1.5696329046755972e-32
2.61 -5.891554605286231e-16 1.5852810854737435e-32
2.62 -6.059605942021484e-16 1.587989424458038e-32
2.63 -6.916125658285033e-16 1.5166698312049482e-32
2.64 -7.441963711940502e-16 1.608753356670963e-32
2.65 -7.409437646765937e-16 1.4928966334539183e-32
2.66 -7.75855074630627e-16 1.5464615600321883e-32
2.67 -7.517857864014488e-16 1.6406515713748765e-32
2.68 -7.818181865792972e-16 1.7083600459822403e-32
2.69 -7.246807320893112e-16 1.5994246335028373e-32
2.7 -6.972504171254279e-16 1.6012301928257003e-32
2.71 -7.269575566515307e-16 1.5810681137203964e-32
2.72 -7.10260843195254e-16 1.5395402492945467e-32
2.73 -7.260901949135423e-16 1.6292163623300773e-32
2.74 -7.333543494691952e-16 1.5834755261508805e-32
2.75 -7.272828173032764e-16 1.6608136504801804e-32
2.7600000000000002 -7.203439233993691e-16 1.6448645431282236e-32
2.77 -7.361732751176575e-16 1.608151503563342e-32
2.7800000000000002 -7.322701472967097e-16 1.6514849273120547e-32
2.79 -6.793610812794171e-16 1.5720403171060813e-32
2.8000000000000003 -6.492202608843201e-16 1.6758599781707057e-32
2.81 -6.506297237085512e-16 1.6162765205162256e-32
2.82 -6.151763126682752e-16 1.7375499217018593e-32
2.83 -6.140921104957897e-16 1.6734525657402217e-32
2.84 -6.1116476463007885e-16 1.6084524301171524e-32
2.85 -6.40546643504436e-16 1.6788692437088108e-32
2.86 -6.60821224129915e-16 1.5190772436354323e-32
2.87 -6.177783978822404e-16 1.7020405883522197e-32
2.88 -6.010816844259637e-16 1.724309153334197e-32
2.89 -5.724587470723463e-16 1.631322848206751e-32
2.9 -5.6237566686823115e-16 1.6716470064173586e-32
2.91 -5.878544179216405e-16 1.6740544188478427e-32
2.92 -6.114900252818245e-16 1.5654199329222501e-32
2.93 -6.693864212925504e-16 1.752897175946195e-32
2.94 -6.885767997455439e-16 1.7095637521974823e-32
2.95 -6.594117613056838e-16 1.665327548787338e-32
2.96 -6.496539417533143e-16 1.6298182154376983e-32
2.97 -7.173081573164097e-16 1.6674340346640115e-32
2.98 -7.143808114506989e-16 1.586785718242796e-32
2.99 -6.897694221352779e-16 1.634933966852477e-32
3.0 -7.345469718589293e-16 1.6770636843859477e-32
3.0100000000000002 -8.602060036499992e-16 1.751091616623332e-32
3.02 -8.749511531958021e-16 1.746878644869985e-32
3.0300000000000002 -9.284023202993374e-16 1.770651842621015e-32
3.04 -9.830461097926069e-16 1.7047489273365142e-32
3.0500000000000003 -9.437979911486316e-16 1.6069477973481e-32
3.06 -9.82287168271867e-16 1.8181982381230748e-32
3.0700000000000003 -9.823955884891156e-16 1.686091481000263e-32
3.08 -9.80118763926896e-16 1.7835916844348667e-32
3.09 -9.582178800426888e-16 1.7411610403475854e-32
3.1 -9.527968691802613e-16 1.7011378086907882e-32
3.11 -1.0088501214977619e-15 1.7161841363813134e-32
3.12 -9.92912349562225e-16 1.7321332437332702e-32
3.13 -9.816366469683757e-16 1.6090542832247735e-32
3.14 -9.411959059346664e-16 1.7965315262487184e-32
3.15 -8.763606160200332e-16 1.7101656053051033e-32
3.16 -8.620491473432246e-16 1.7083600459822403e-32
3.17 -8.959846753420209e-16 1.769448136405773e-32
3.18 -8.526165884426007e-16 1.7246100798880076e-32
3.19 -8.441598114972138e-16 1.7929204076029924e-32
3.2 -8.77499028301143e-16 1.851601085596041e-32
3.21 -9.236318307404012e-16 1.832040859598358e-32
3.22 -8.975025583835006e-16 1.7553045883766792e-32
3.23 -8.040985412238744e-16 1.661716430141612e-32
3.24 -8.677412087487735e-16 1.7095637521974823e-32
3.25 -9.173434581399853e-16 1.8115778539392437e-32
3.2600000000000002 -8.733790600456981e-16 1.8251195488607165e-32
3.27 -9.010262154440785e-16 1.8726659443627764e-32
3.2800000000000002 -9.18644500746968e-16 1.8770293793930287e-32
3.29 -8.837331907929347e-16 1.8567168370108196e-32
3.3000000000000003 -9.306249347529327e-16 1.7869018765267823e-32
3.31 -1.0232971154461312e-15 1.8907215375914067e-32
3.3200000000000003 -1.0505648000841417e-15 1.799239865233013e-32
3.33 -1.0190145168648135e-15 1.9184820121804258e-32
3.34 -1.1031621579768447e-15 1.892451865275817e-32
3.35 -1.091908478239624e-15 1.7728429640909477e-32
3.36 -1.2160072753418516e-15 1.8987337070866114e-32
3.37 -1.2634072390702022e-15 1.854008498026525e-32
3.38 -1.275753591309381e-15 2.0308780800286497e-32
3.39 -1.2774883147853577e-15 1.843927458473873e-32
3.4 -1.3062196723562236e-15 1.8849287014305545e-32
3.41 -1.2829635357564095e-15 1.9692633681359487e-32
3.42 -1.3768554438936542e-15 1.981300430288369e-32
3.43 -1.4421244146772816e-15 1.9632448370597385e-32
3.44 -1.4090562484164737e-15 2.0363699896356914e-32
3.45 -1.3991086934839192e-15 1.9692633681359487e-32
3.46 -1.426267957904681e-15 2.068870057447226e-32
3.47 -1.3836452599988447e-15 2.0125215602462088e-32
3.48 -1.4021038019854104e-15 1.978065469834906e-32
3.49 -1.34370596246991e-15 1.9768241478004376e-32
3.5 -1.3847430146984863e-15 1.9446626223619398e-32
3.5100000000000002 -1.3678362370712904e-15 2.01169401222323e-32
3.52 -1.3152524317057435e-15 2.025762328613871e-32
3.5300000000000002 -1.3332230827146907e-15 2.0200823399106978e-32
3.54 -1.3158318022416654e-15 2.11209063373826e-32
3.5500000000000003 -1.3074495641956368e-15 2.0208722721144504e-32
3.56 -1.2701953611094982e-15 2.197854701574254e-32
3.5700000000000003 -1.2480691664613214e-15 2.0295850362427452e-32
3.58 -1.2623700472262894e-15 2.1941424904143572e-32
3.59 -1.3335762954536957e-15 2.1042618413617834e-32
3.6 -1.305025355900595e-15 2.183626517951901e-32
3.61 -1.3053963563314924e-15 2.1190589642499344e-32
3.62 -1.3112832353149098e-15 2.1646399331974194e-32
3.63 -1.2417181134228086e-15 2.097034902092928e-32
3.64 -1.2630650377595115e-15 2.0957277523748136e-32
3.65 -1.130026654931962e-15 2.2301572863348504e-32
3.66 -1.1185002305857256e-15 2.2645851648817336e-32
3.67 -1.122938683229338e-15 2.2351225744727238e-32
3.68 -1.1072990668912347e-15 2.2015692637228524e-32
3.69 -1.1081715108269066e-15 2.1658812552318878e-32
3.7 -1.1080071864351393e-15 2.1666053597519943e-32
3.71 -1.1023151250295904e-15 2.3477913570103384e-32
3.72 -1.2071584280210043e-15 2.207875790915014e-32
3.73 -1.1784896450091169e-15 2.2396599826668978e-32
3.74 -1.2342642234869708e-15 2.2534320744811317e-32
3.75 -1.1856902720937257e-15 2.253338034933066e-32
3.7600000000000002 -1.1423120207989385e-15 2.293097955855279e-32
3.77 -1.206452743696823e-15 2.1929082213459938e-32
3.7800000000000002 -1.2190904752698573e-15 2.2842582383370954e-32
3.79 -1.2242607643798975e-15 2.215759831525979e-32
3.8000000000000003 -1.1464218246590163e-15 2.3258237185821715e-32
3.81 -1.0901517319070186e-15 2.1936041140016806e-32
3.8200000000000003 -1.0690775521793316e-15 2.3844667807559938e-32
3.83 -1.0234732982991601e-15 2.3383497863845338e-32
3.84 -1.010639055082363e-15 2.4652655604541145e-32
3.85 -9.477282240238916e-16 2.3247328598246084e-32
3.86 -1.0262786714204664e-15 2.3593394135128165e-32
3.87 -9.891989571214621e-16 2.3341368146311867e-32
3.88 -1.0444390578095986e-15 2.2930603400360527e-32
3.89 -1.0229447497400734e-15 2.4686509841844827e-32
3.9 -1.0180387349095765e-15 2.4006415830233084e-32
3.91 -9.640725717741105e-16 2.3096113004956305e-32
3.92 -9.621210078636366e-16 2.3530951875212486e-32
3.93 -9.616873269946424e-16 2.2924584869284317e-32
3.94 -1.0095548529098775e-15 2.3725049502420262e-32
3.95 -9.977912593384097e-16 2.339703955876681e-32
3.96 -9.800645538182717e-16 2.411023549129771e-32
3.97 -9.616331168860182e-16 2.3770188485491838e-32
3.98 -9.663493963363301e-16 2.3875512779325514e-32
3.99 -1.0163311164879119e-15 2.3779216282106153e-32
4.0 -9.786008808854163e-16 2.47000515367663e-32
4.01 -9.946470730382018e-16 2.3827364530715834e-32
4.0200000000000005 -9.961649560796815e-16 2.4022966790692662e-32
4.03 -9.139824314052802e-16 2.370097537811542e-32
4.04 -9.192950220504592e-16 2.500398735611491e-32
4.05 -9.185360805297194e-16 2.3363937637847655e-32
4.0600000000000005 -9.84238732182341e-16 2.4173430067597915e-32
4.07 -9.492190020110591e-16 2.308708520834199e-32
4.08 -9.790345617544105e-16 2.525977492685384e-32
4.09 -9.92912349562225e-16 2.30329184286561e-32
4.1 -1.0110185258427329e-15 2.3725049502420262e-32
4.11 -9.678672793778098e-16 2.3965790745468666e-32
4.12 -9.751314339334627e-16 2.4092179898069078e-32
4.13 -9.638557313396134e-16 2.4603755039546938e-32
4.14 -9.327391289892795e-16 2.30329184286561e-32
4.15 -1.0083080204115191e-15 2.2719954812693173e-32
4.16 -9.6710833785707e-16 2.364680859842953e-32
4.17 -9.616873269946424e-16 2.4278754361431592e-32
4.18 -9.946470730382018e-16 2.257551006686413e-32
4.19 -9.742640721954743e-16 2.3791253344258573e-32
4.2 -1.0256552551712872e-15 2.3875512779325514e-32
4.21 -9.334980705100193e-16 2.3273659671704503e-32
4.22 -9.638557313396134e-16 2.2912547807131897e-32
4.23 -9.881418600032887e-16 2.2322731761663306e-32
4.24 -9.272096979096034e-16 2.2942640462512947e-32
4.25 -9.376180387654642e-16 2.3183381705561352e-32
4.26 -9.538810713527468e-16 2.256949153578792e-32
4.2700000000000005 -9.17668718791731e-16 2.358060475659122e-32
4.28 -9.152834740122628e-16 2.1269488823326536e-32
4.29 -8.749511531958021e-16 2.1750971309423345e-32
4.3 -9.0053832446646e-16 2.1775045433728185e-32
4.3100000000000005 -9.037909309839165e-16 2.149819300422252e-32
4.32 -8.229094489164979e-16 2.1787082495880606e-32
4.33 -8.474124180146703e-16 2.1606526563594302e-32
4.34 -8.844921323136745e-16 2.155235978390841e-32
4.3500000000000005 -8.244273319579776e-16 2.200374961462417e-32
4.36 -8.506650245321268e-16 2.1576433908213252e-32
4.37 -8.610733653879876e-16 2.1119025546421283e-32
4.38 -7.975391180803371e-16 2.141393356915558e-32
4.39 -8.285473002134225e-16 2.0679672777857945e-32
4.4 -9.177771390089795e-16 2.1341711196241057e-32
4.41 -9.179397693348523e-16 2.0763932212924887e-32
4.42 -8.361909255294453e-16 2.1013701252587606e-32
4.43 -8.906449796425298e-16 2.0034937636318937e-32
4.44 -8.82132298522624e-16 2.0280474896318696e-32
4.45 -8.284388799961739e-16 2.0423885207119015e-32
4.46 -8.366246063984395e-16 1.9876198879183895e-32
4.47 -8.800469034064839e-16 1.984309695826474e-32
4.48 -8.741922116750622e-16 1.989726373795063e-32
4.49 -8.862268557896513e-16 1.9638466901673596e-32
4.5 -9.065014364151303e-16 1.8898187579299752e-32
4.51 -8.669280571194093e-16 1.9512077749073183e-32
4.5200000000000005 -8.484966201871558e-16 1.8452816279660204e-32
4.53 -8.667112166849122e-16 1.8669483398403768e-32
4.54 -8.313662258618848e-16 2.0162079105303875e-32
4.55 -8.242104915234805e-16 1.8585223963336826e-32
4.5600000000000005 -7.908170646109269e-16 1.7032442945674617e-32
4.57 -8.738669510233166e-16 1.8356519782440842e-32
4.58 -8.634586101674557e-16 1.7465777183161745e-32
4.59 -7.624109676918067e-16 1.8537075714727145e-32
4.6000000000000005 -7.606762442158299e-16 1.8188000912306959e-32
4.61 -8.239936510889834e-16 1.721299887796092e-32
4.62 -8.257283745649602e-16 1.7285221250875442e-32
4.63 -7.4593109467002705e-16 1.770651842621015e-32
4.64 -7.381248390281314e-16 1.7598184866838368e-32
4.65 -8.422082475867398e-16 1.6021329724871318e-32
4.66 -9.02923569245928e-16 1.7417628934552064e-32
4.67 -8.868773770931426e-16 1.8500964528269884e-32
4.68 -8.205242041370298e-16 1.776670373697225e-32
4.69 -7.958043946043603e-16 1.616577447070036e-32
4.7 -8.309325449928906e-16 1.7333369499485123e-32
4.71 -8.656270145124267e-16 1.6033366787023738e-32
4.72 -8.309325449928906e-16 1.5961144414109217e-32
4.73 -9.194034422677078e-16 1.5937070289804377e-32
4.74 -9.883587004377858e-16 1.665929401894959e-32
4.75 -9.861902960928148e-16 1.617781153285278e-32
4.76 -9.796850830579018e-16 1.5949107351956797e-32
4.7700000000000005 -9.926955091277279e-16 1.558799548738419e-32
4.78 -9.783840404509192e-16 1.497410531761076e-32
4.79 -9.52363188311267e-16 1.5720403171060813e-32
4.8 -9.727461891539946e-16 1.617781153285278e-32
4.8100000000000005 -9.870576578308032e-16 1.7032442945674617e-32
4.82 -9.840218917478438e-16 1.552781017662209e-32
4.83 -9.072603779358701e-16 1.617781153285278e-32
4.84 -8.656270145124267e-16 1.5238920684964004e-32
4.8500000000000005 -8.699638232023688e-16 1.5202809498506743e-32
4.86 -8.699638232023688e-16 1.507040181483012e-32
4.87 -8.864436962241484e-16 1.5202809498506743e-32
4.88 -7.628446485608009e-16 1.450465989366637e-32
4.89 -7.693498615957139e-16 1.508243887698254e-32
4.9 -6.570265165262157e-16 1.4769475261019615e-32
4.91 -7.186091999233923e-16 1.5202809498506743e-32
4.92 -7.385585198971256e-16 1.4697252888105094e-32
4.93 -6.396792817664476e-16 1.4733364074562354e-32
4.94 -6.205973235307027e-16 1.3674102605149375e-32
4.95 -6.245004513516506e-16 1.4901882944696237e-32
4.96 -6.314393452555578e-16 1.4251881588465545e-32
4.97 -6.305719835175694e-16 1.503429062837286e-32
4.98 -7.190428807923865e-16 1.3662065542996954e-32
4.99 -7.268491364342822e-16 1.4059288594026822e-32
5.0 -7.168744764474155e-16 1.450465989366637e-32
