0.0 0.6990603172379998 0.6990603172379998
0.05 0.6952152300069487 0.6952152300069485
0.1 0.689346187755701 0.6893461877556991
0.15000000000000002 0.6815383378832457 0.6815383378832436
0.2 0.6718955576095393 0.6718955576095376
0.25 0.6605384743964091 0.6605384743964067
0.30000000000000004 0.6476022432507089 0.6476022432507071
0.35000000000000003 0.6332341288527499 0.6332341288527489
0.4 0.6175909439383758 0.6175909439383747
0.45 0.6008363976226408 0.600836397622641
0.5 0.5831384083429298 0.5831384083429294
0.55 0.5646664358084491 0.5646664358084494
0.6000000000000001 0.5455888847930749 0.5455888847930753
0.65 0.5260706308529934 0.5260706308529939
0.7000000000000001 0.5062707141735816 0.5062707141735812
0.75 0.48634024286303035 0.48634024286303035
0.8 0.4664205412497975 0.4664205412497972
0.8500000000000001 0.44664157226392587 0.44664157226392465
0.9 0.42712065596206206 0.4271206559620604
0.9500000000000001 0.4079614988773412 0.40796149887733957
1.0 0.3892535413295646 0.38925354132956286
1.05 0.3710716223108721 0.37107162231087
1.1 0.3534759542561322 0.35347595425612977
1.1500000000000001 0.33651239309546455 0.33651239309546205
1.2000000000000002 0.3202129826350947 0.320212982635092
1.25 0.30459674667078873 0.3045967466707856
1.3 0.2896706974326526 0.2896706974326498
1.35 0.2754310250938308 0.2754310250938281
1.4000000000000001 0.26186443022444095 0.26186443022443795
1.4500000000000002 0.24894955928339207 0.24894955928338938
1.5 0.23665850253269882 0.23665850253269688
1.55 0.22495831412052314 0.22495831412052134
1.6 0.21381251547107366 0.21381251547107155
1.6500000000000001 0.20318254547547104 0.2031825454754688
1.7000000000000002 0.19302912420705648 0.1930291242070544
1.75 0.18331350087514348 0.1833135008751413
1.8 0.17399856135253566 0.17399856135253333
1.85 0.1650497757197239 0.16504977571972168
1.9000000000000001 0.15643597170803458 0.15643597170803267
1.9500000000000002 0.148129925535177 0.1481299255351755
2.0 0.1401087672486384 0.14010876724863716
2.0500000000000003 0.13235420316775273 0.13235420316775173
2.1 0.12485256319435795 0.12485256319435706
2.15 0.11759468550690569 0.11759468550690472
2.2 0.11057565534133586 0.1105756553413346
2.25 0.1037944180901611 0.10379441809016023
2.3000000000000003 0.09725328973640719 0.09725328973640653
2.35 0.09095738962178651 0.09095738962178562
2.4000000000000004 0.08491402169361117 0.08491402169361055
2.45 0.07913203067222327 0.07913203067222259
2.5 0.07362115904466886 0.07362115904466854
2.5500000000000003 0.06839142945950624 0.06839142945950584
2.6 0.0634525750328154 0.0634525750328154
2.6500000000000004 0.05881353735796939 0.05881353735796964
2.7 0.054482048740257374 0.054482048740257694
2.75 0.050464311465425515 0.05046431146542591
2.8000000000000003 0.04676478288287595 0.04676478288287636
2.85 0.04338607087120255 0.04338607087120317
2.9000000000000004 0.04032893999077778 0.0403289399907783
2.95 0.03759242444937764 0.0375924244493781
3.0 0.035174040041930074 0.03517404004193035
3.0500000000000003 0.03307008359562849 0.03307008359562847
3.1 0.031276005266390655 0.03127600526639043
3.1500000000000004 0.029786836386603857 0.029786836386603933
3.2 0.02859765353452738 0.028597653534527114
3.25 0.027704058140295452 0.02770405814029506
3.3000000000000003 0.027102650298907197 0.02710265029890658
3.35 0.026791475541611126 0.026791475541610217
3.4000000000000004 0.02677042411641776 0.02677042411641676
3.45 0.02704156381695918 0.027041563816958006
3.5 0.027609389526801573 0.027609389526800213
3.5500000000000003 0.0284809753447434 0.02848097534474172
3.6 0.029666018339802668 0.029666018339800627
3.6500000000000004 0.031176766552465443 0.031176766552463386
3.7 0.03302782770001542 0.0330278277000135
3.75 0.03523585903917864 0.03523585903917632
3.8000000000000003 0.03781914286533264 0.037819142865330224
3.85 0.040797056059882444 0.04079705605987994
3.9000000000000004 0.04418944581477518 0.04418944581477259
3.95 0.04801592705078337 0.048015927050781115
4.0 0.0522951199992013 0.05229511999919871
4.05 0.05704384884303137 0.057043848843028794
4.1000000000000005 0.062276324137279335 0.06227632413727668
4.15 0.06800333289002174 0.06800333289001916
4.2 0.07423146064754209 0.07423146064753981
4.25 0.0809623696695414 0.08096236966953924
4.3 0.08819215630701041 0.08819215630700802
4.3500000000000005 0.09591080902950941 0.09591080902950705
4.4 0.10410178623440282 0.10410178623440039
4.45 0.11274173007108984 0.11274173007108723
4.5 0.12180032910868054 0.12180032910867827
4.55 0.13124033886088518 0.13124033886088282
4.6000000000000005 0.1410177650641321 0.1410177650641301
4.65 0.15108221030008961 0.15108221030008745
4.7 0.16137738018322456 0.16137738018322195
4.75 0.17184174102134 0.1718417410213377
4.800000000000001 0.18240931672403055 0.18240931672402827
4.8500000000000005 0.19301060889748997 0.1930106088974878
4.9 0.2035736206325085 0.20357362063250645
4.95 0.21402496156249792 0.21402496156249512
5.0 0.22429100942256971 0.2242910094225673
5.050000000000001 0.23429910164484335 0.2342991016448412
5.1000000000000005 0.24397872952663063 0.2439787295266284
5.15 0.2532627072346285 0.2532627072346262
5.2 0.2620882883667785 0.26208828836677506
5.25 0.2703982039706914 0.270398203970688
5.300000000000001 0.27814159777996794 0.27814159777996494
5.3500000000000005 0.2852748369248312 0.2852748369248279
5.4 0.2917621794314592 0.29176217943145666
5.45 0.29757628336003206 0.2975762833600289
5.5 0.30269854634695487 0.3026985463469516
5.550000000000001 0.3071192685043588 0.3071192685043563
5.6000000000000005 0.31083763597525915 0.31083763597525577
5.65 0.31386152682801427 0.3138615268280113
5.7 0.3162071452811219 0.316207145281119
5.75 0.3178984943643055 0.31789849436430206
5.800000000000001 0.31896670093649027 0.3189667009364872
5.8500000000000005 0.31944921039698193 0.3194492103969784
5.9 0.3193888713566665 0.3193888713566633
5.95 0.31883293290953457 0.3188329329095315
6.0 0.3178319789055236 0.31783197890552006
6.050000000000001 0.316438824735762 0.31643882473575785
6.1000000000000005 0.3147074025811366 0.3147074025811323
6.15 0.312691660843912 0.312691660843908
6.2 0.31044450259758827 0.3104445025975848
6.25 0.30801678638759833 0.30801678638759433
6.300000000000001 0.3054564106465504 0.30545641064654705
6.3500000000000005 0.3028075004189722 0.30280750041896887
6.4 0.30010971210074244 0.30010971210073867
6.45 0.29739766857682737 0.29739766857682426
6.5 0.2947005335838758 0.29470053358387316
6.550000000000001 0.2920417304327316 0.2920417304327293
6.6000000000000005 0.2894388065026452 0.2894388065026432
6.65 0.2869034412650481 0.28690344126504586
6.7 0.28444159210735703 0.2844415921073544
6.75 0.28205376899652834 0.282053768996526
6.800000000000001 0.27973542612886726 0.2797354261288653
6.8500000000000005 0.2774774562263269 0.27747745622632514
6.9 0.27526677111647935 0.275266771116478
6.95 0.27308695071512734 0.27308695071512556
7.0 0.27091894154345586 0.27091894154345375
7.050000000000001 0.26874178546607924 0.26874178546607663
7.1000000000000005 0.2665333594268295 0.2665333594268268
7.15 0.2642711075649923 0.26427110756499017
7.2 0.2619327481807193 0.26193274818071677
7.25 0.259496939536464 0.25949693953646147
7.300000000000001 0.2569438903720964 0.2569438903720937
7.3500000000000005 0.25425590320613994 0.25425590320613717
7.4 0.25141784091878777 0.2514178409187846
7.45 0.24841750968376003 0.24841750968375717
7.5 0.24524595395353876 0.24524595395353557
7.550000000000001 0.24189766182440756 0.24189766182440425
7.6000000000000005 0.23837068163556752 0.23837068163556435
7.65 0.2346666530171463 0.2346666530171433
7.7 0.23079075772971144 0.23079075772970847
7.75 0.2267515974767424 0.22675159747673962
7.800000000000001 0.22256100737632917 0.22256100737632656
7.8500000000000005 0.21823381491619342 0.2182338149161914
7.9 0.21378755496702362 0.21378755496702143
7.95 0.20924215178640979 0.20924215178640776
8.0 0.20461957891599267 0.2046195789159905
8.05 0.1999435074770997 0.19994350747709727
8.1 0.19523895263641347 0.19523895263641097
8.15 0.1905319269847943 0.190531926984792
8.200000000000001 0.18584910830007725 0.1858491083000745
8.25 0.18121752770629648 0.1812175277062937
8.3 0.17666428266026848 0.1766642826602658
8.35 0.17221627755739538 0.17221627755739252
8.4 0.1678999931181516 0.16789999311814818
8.450000000000001 0.16374128415931485 0.16374128415931194
8.5 0.15976520392995985 0.15976520392995705
8.55 0.1559958519558255 0.15599585195582313
8.6 0.15245624133333568 0.15245624133333358
8.65 0.14916818068308327 0.14916818068308155
8.700000000000001 0.14615216553829632 0.14615216553829424
8.75 0.143427273821156 0.14342727382115406
8.8 0.14101106025145035 0.14101106025144852
8.85 0.13891944502818315 0.13891944502818132
8.9 0.13716659290406846 0.13716659290406658
8.950000000000001 0.13576477980274315 0.13576477980274151
9.0 0.13472424536659017 0.13472424536658903
9.05 0.13405303121833076 0.1340530312183293
9.1 0.13375680621431735 0.13375680621431563
9.15 0.13383868149933525 0.13383868149933376
9.200000000000001 0.13429901967667224 0.13429901967667024
9.25 0.1351352438179903 0.13513524381798803
9.3 0.13634165329187262 0.13634165329187023
9.35 0.13790925442878785 0.1379092544287854
9.4 0.13982561481113492 0.1398256148111327
9.450000000000001 0.14207475043580153 0.14207475043579962
9.5 0.14463705510924896 0.14463705510924696
9.55 0.1474892811789491 0.14748928117894694
9.600000000000001 0.15060458007001365 0.15060458007001187
9.65 0.1539526100851448 0.15395261008514244
9.700000000000001 0.15749971755606035 0.15749971755605824
9.75 0.16120919573490294 0.16120919573490106
9.8 0.16504162382675008 0.16504162382674828
9.850000000000001 0.16895528634267123 0.16895528634266982
9.9 0.17290667055994957 0.17290667055994807
9.950000000000001 0.176851037383375 0.1768510373833737
10.0 0.1807430583860749 0.18074305838607277
10.05 0.18453750935077712 0.18453750935077495
10.100000000000001 0.18819000831442517 0.18819000831442273
10.15 0.1916577840206492 0.19165778402064665
10.200000000000001 0.19490045888167512 0.19490045888167243
10.25 0.19788082911283358 0.19788082911283064
10.3 0.20056562368900716 0.20056562368900427
10.350000000000001 0.20292622323187504 0.2029262232318725
10.4 0.2049393199055325 0.20493931990552988
10.450000000000001 0.20658749989732972 0.20658749989732728
10.5 0.20785973109655875 0.20785973109655678
10.55 0.2087517401458692 0.20875174014586662
10.600000000000001 0.2092662651029842 0.20926626510298138
10.65 0.2094131724717893 0.20941317247178654
10.700000000000001 0.2092094302857947 0.2092094302857923
10.75 0.20867893218383426 0.2086789321838319
10.8 0.2078521709264749 0.2078521709264728
10.850000000000001 0.2067657634716753 0.2067657634716738
10.9 0.20546183346249078 0.20546183346248903
10.950000000000001 0.2039872606768755 0.2039872606768739
11.0 0.20239281054741914 0.20239281054741787
11.05 0.20073216017646095 0.20073216017645948
11.100000000000001 0.19906084025359605 0.19906084025359433
11.15 0.1974351148396769 0.19743511483967538
11.200000000000001 0.19591082303590024 0.19591082303589852
11.25 0.19454220804289774 0.19454220804289601
11.3 0.1933807599820513 0.1933807599820493
11.350000000000001 0.1924740990648585 0.1924740990648564
11.4 0.1918649252390241 0.1918649252390215
11.450000000000001 0.19159005931298795 0.19159005931298542
11.5 0.1916795987832611 0.1916795987832583
11.55 0.19215620919849816 0.192156209198495
11.600000000000001 0.19303456894524604 0.19303456894524237
11.65 0.19432098190294733 0.19432098190294336
11.700000000000001 0.1960131685742954 0.19601316857429157
11.75 0.19810024214733452 0.19810024214733055
11.8 0.20056287159287978 0.20056287159287553
11.850000000000001 0.2033736294563196 0.20337362945631557
11.9 0.20649751758133772 0.20649751758133383
11.950000000000001 0.2098926597194216 0.20989265971941778
12.0 0.213511145945039 0.21351114594503562
12.05 0.21730001011778047 0.217300010117777
12.100000000000001 0.2212023184062747 0.22120231840627164
12.15 0.22515834419930647 0.22515834419930303
12.200000000000001 0.22910680264809796 0.22910680264809502
12.25 0.23298611666513053 0.23298611666512734
12.3 0.23673568548626883 0.23673568548626595
12.350000000000001 0.24029712690309424 0.24029712690309213
12.4 0.24361546499058284 0.24361546499058034
12.450000000000001 0.24664023657204062 0.24664023657203804
12.5 0.24932649174027283 0.2493264917402702
12.55 0.2516356664355566 0.2516356664355546
12.600000000000001 0.2535363082955335 0.2535363082955311
12.65 0.25500464065395134 0.25500464065394884
12.700000000000001 0.2560249535772295 0.25602495357722743
12.75 0.25658981508401224 0.25658981508401124
12.8 0.2567001000814559 0.2567001000814545
12.850000000000001 0.2563648389582226 0.25636483895822093
12.9 0.255600892083795 0.2556008920837935
12.950000000000001 0.25443246056588054 0.2544324605658798
13.0 0.2528904474081373 0.2528904474081365
13.05 0.2510116865941361 0.25101168659413525
13.100000000000001 0.24883806051728513 0.24883806051728413
13.15 0.2464155285111331 0.2464155285111322
13.200000000000001 0.24379309095675084 0.2437930909567498
13.25 0.2410217145173251 0.24102171451732401
13.3 0.23815324445630498 0.23815324445630406
13.350000000000001 0.2352393297340832 0.23523932973408257
13.4 0.23233038566694375 0.23233038566694272
13.450000000000001 0.22947461740577843 0.22947461740577665
13.5 0.22671712540183894 0.22671712540183647
13.55 0.22409911143789113 0.22409911143788844
13.600000000000001 0.22165720079347964 0.22165720079347678
13.65 0.21942289277046437 0.21942289277046167
13.700000000000001 0.21742214822508948 0.2174221482250867
13.75 0.2156751190358452 0.2156751190358414
13.8 0.21419602068455626 0.21419602068455204
13.850000000000001 0.2129931454428718 0.21299314544286696
13.9 0.21206901013531443 0.21206901013530888
13.950000000000001 0.2114206291847992 0.21142062918479376
14.0 0.21103990071974027 0.21103990071973464
14.05 0.21091409100543043 0.21091409100542444
14.100000000000001 0.21102640041565193 0.21102640041564608
14.15 0.21135659262856923 0.2113565926285634
14.200000000000001 0.21188166774406342 0.21188166774405737
14.25 0.21257655959225702 0.21257655959225097
14.3 0.21341483763371108 0.2134148376337051
14.350000000000001 0.21436939452383091 0.21436939452382464
14.4 0.21541310159582078 0.21541310159581467
14.450000000000001 0.21651941616277975 0.2165194161627739
14.5 0.21766292659279896 0.2176629265927931
14.55 0.2188198235033719 0.21881982350336676
14.600000000000001 0.21996828807688135 0.21996828807687685
14.65 0.2210887913350903 0.22108879133508613
14.700000000000001 0.2221643011415534 0.22216430114154942
14.75 0.223180396639446 0.22318039663944259
14.8 0.22412529269259357 0.22412529269259057
14.850000000000001 0.22498977959719263 0.2249897795971899
14.9 0.22576708579451124 0.22576708579450855
14.950000000000001 0.226452673472385 0.2264526734723831
15.0 0.22704397873715204 0.22704397873715038
15.05 0.22754010942065117 0.22754010942065006
15.100000000000001 0.22794151452469014 0.22794151452468983
15.15 0.2282496397768511 0.2282496397768511
15.200000000000001 0.22846658376969692 0.2284665837696967
15.25 0.2285947686872552 0.22859476868725512
15.3 0.22863663870872364 0.22863663870872386
15.350000000000001 0.22859439785326385 0.22859439785326402
15.4 0.22846979733704784 0.2284697973370483
15.450000000000001 0.22826398051039526 0.22826398051039576
15.5 0.2279773911937068 0.22797739119370736
15.55 0.22760974880774515 0.22760974880774604
15.600000000000001 0.22716009117308217 0.22716009117308333
15.65 0.22662688331430125 0.22662688331430264
15.700000000000001 0.22600818812608325 0.22600818812608414
15.75 0.22530189241778614 0.22530189241778725
15.8 0.22450597972347291 0.22450597972347397
15.850000000000001 0.2236188394119383 0.22361883941193952
15.9 0.22263960011432374 0.22263960011432515
15.950000000000001 0.22156847435336183 0.22156847435336305
16.0 0.22040710054488227 0.22040710054488322
16.05 0.21915886827303815 0.2191588682730392
16.1 0.21782921292674098 0.2178292129267423
16.150000000000002 0.21642586642343 0.2164258664234317
16.2 0.21495905182150088 0.21495905182150277
16.25 0.213441611105342 0.21344161110534432
16.3 0.21188905727570737 0.2118890572757097
16.35 0.21031954404066286 0.21031954404066547
16.400000000000002 0.20875374881670622 0.2087537488167081
16.45 0.20721466734607574 0.20721466734607774
16.5 0.20572732093926524 0.2057273209392676
16.55 0.20431838008206327 0.20431838008206576
16.6 0.2030157108235897 0.2030157108235926
16.650000000000002 0.20184785290613408 0.20184785290613683
16.7 0.20084344093278533 0.2008434409327882
16.75 0.20003058192405165 0.20003058192405512
16.8 0.19943620432653525 0.19943620432653925
16.85 0.19908539485135857 0.19908539485136262
16.900000000000002 0.1990007403945296 0.19900074039453391
16.95 0.19920169269512084 0.19920169269512478
17.0 0.19970397330260853 0.19970397330261286
17.05 0.20051903584836728 0.2005190358483716
17.1 0.20165360155836815 0.2016536015583723
17.150000000000002 0.2031092824286539 0.2031092824286579
17.2 0.2048823045491589 0.20488230454916334
17.25 0.20696334175404812 0.2069633417540528
17.3 0.20933746715774793 0.2093374671577528
17.35 0.2119842272740743 0.2119842272740795
17.400000000000002 0.2148778403872036 0.21487784038720886
17.45 0.21798751772854075 0.21798751772854613
17.5 0.22127790289636906 0.22127790289637495
17.55 0.22470962191928823 0.22470962191929394
17.6 0.22823993349171645 0.2282399334917225
17.650000000000002 0.2318234662775912 0.23182346627759698
17.7 0.23541302785775897 0.23541302785776486
17.75 0.23896046794999556 0.23896046795000175
17.8 0.24241757701035244 0.24241757701035863
17.85 0.24573700027141376 0.24573700027141993
17.900000000000002 0.24887314671507507 0.24887314671508107
17.95 0.25178307242938036 0.2517830724293852
18.0 0.2544273182617984 0.2544273182618031
18.05 0.25677068264254216 0.2567706826425466
18.1 0.2587829118854151 0.25878291188541913
18.150000000000002 0.2604392921422524 0.2604392921422568
18.2 0.2617211294411078 0.261721129441112
18.25 0.2626161068190978 0.2626161068191022
18.3 0.2631185104014708 0.26311851040147466
18.35 0.2632293193060181 0.2632293193060215
18.400000000000002 0.26295615738958544 0.26295615738958833
18.45 0.2623131080221648 0.26231310802216756
18.5 0.26132039619532377 0.2613203961953262
18.55 0.26000394526907383 0.26000394526907605
18.6 0.2583948184626449 0.25839481846264667
18.650000000000002 0.2565285577339165 0.25652855773391803
18.7 0.25444443491111224 0.2544444349111139
18.75 0.2521846317894171 0.25218463178941847
18.8 0.24979336734527346 0.24979336734527482
18.85 0.24731599122389436 0.2473159912238952
18.900000000000002 0.24479806320413647 0.2447980632041365
18.95 0.24228443843397063 0.24228443843397135
19.0 0.23981837786540594 0.23981837786540633
19.05 0.2374407025169214 0.23744070251692168
19.1 0.23518900898159567 0.23518900898159556
19.150000000000002 0.23309696201668867 0.2330969620166883
19.200000000000003 0.23119367814026132 0.23119367814026065
19.25 0.2295032119739544 0.2295032119739538
19.3 0.22804415466513778 0.22804415466513717
19.35 0.2268293511568113 0.2268293511568107
19.400000000000002 0.2258657404125779 0.2258657404125772
19.450000000000003 0.2251543200098878 0.22515432000988708
19.5 0.22469023384969625 0.2246902338496954
19.55 0.22446297915424285 0.22446297915424102
19.6 0.22445672649248527 0.22445672649248305
19.650000000000002 0.2246507443352828 0.22465074433528068
19.700000000000003 0.22501991764394708 0.22501991764394513
19.75 0.22553534827351568 0.22553534827351387
19.8 0.2261650235554555 0.22616502355545337
19.85 0.22687453833486182 0.22687453833485974
19.900000000000002 0.22762785498754773 0.22762785498754495
19.950000000000003 0.2283880855373968 0.22838808553739337
20.0 0.22911827993060246 0.22911827993059913
20.05 0.22978220478984362 0.2297822047898399
20.1 0.23034509754997476 0.23034509754997054
20.150000000000002 0.2307743817430934 0.2307743817430891
20.200000000000003 0.23104033032509386 0.23104033032508914
20.25 0.23111666528394265 0.23111666528393776
20.3 0.23098108330444797 0.2309810833044435
20.35 0.2306156989455591 0.23061569894555423
20.400000000000002 0.23000739857338065 0.23000739857337538
20.450000000000003 0.2291481001452736 0.22914810014526826
20.5 0.22803491581756968 0.2280349158175644
20.55 0.22667021621349515 0.22667021621348993
20.6 0.2250615970033149 0.22506159700330997
20.650000000000002 0.22322175018331575 0.22322175018331075
20.700000000000003 0.22116824406567795 0.22116824406567342
20.75 0.21892321748347093 0.2189232174834671
20.8 0.2165129950542418 0.21651299505423763
20.85 0.21396763151691922 0.21396763151691545
20.900000000000002 0.21132039414934176 0.21132039414933873
20.950000000000003 0.20860719308132017 0.20860719308131748
21.0 0.20586596993843104 0.2058659699384291
21.05 0.20313605568589513 0.20313605568589388
21.1 0.2004575087942647 0.20045750879426347
21.150000000000002 0.19787044492615818 0.19787044492615713
21.200000000000003 0.19541436925488945 0.19541436925488842
21.25 0.1931275222820106 0.19312752228200972
21.3 0.1910462496330114 0.1910462496330107
21.35 0.18920440579066 0.1892044057906595
21.400000000000002 0.1876328010858577 0.1876328010858574
21.450000000000003 0.18635870051834977 0.18635870051834957
21.5 0.1854053821356323 0.18540538213563212
21.55 0.1847917617688808 0.1847917617688808
21.6 0.18453208991997352 0.1845320899199735
21.650000000000002 0.18463572552343654 0.18463572552343682
21.700000000000003 0.1851069901807279 0.1851069901807281
21.75 0.18594510529076064 0.18594510529076116
21.8 0.1871442132890985 0.18714421328909886
21.85 0.1886934829682635 0.18869348296826347
21.900000000000002 0.19057729759321002 0.19057729759320985
21.950000000000003 0.19277552326024727 0.19277552326024724
22.0 0.1952638536868191 0.19526385368681826
22.05 0.19801422637723348 0.19801422637723237
22.1 0.20099530390096498 0.20099530390096346
22.150000000000002 0.20417301286234346 0.2041730128623416
22.200000000000003 0.20751113205179567 0.20751113205179364
22.25 0.21097192026907338 0.21097192026907097
22.3 0.21451677341903086 0.2145167734190279
22.35 0.21810689972205707 0.2181068997220535
22.400000000000002 0.22170400127594617 0.2217040012759427
22.450000000000003 0.22527094977501866 0.22527094977501447
22.5 0.22877244395568525 0.22877244395568094
22.55 0.2321756363134146 0.23217563631340948
22.6 0.23545071683936036 0.2354507168393552
22.650000000000002 0.23857144196741462 0.23857144196740965
22.700000000000003 0.24151559761122218 0.24151559761121622
22.75 0.2442653861078759 0.24426538610786985
22.8 0.24680772806685897 0.24680772806685325
22.85 0.24913447153934154 0.2491344715393361
22.900000000000002 0.2512425025577852 0.2512425025577799
22.950000000000003 0.25313375292569956 0.25313375292569423
23.0 0.2548151031326152 0.25481510313261013
23.05 0.25629818039383107 0.256298180393827
23.1 0.2575990540264257 0.25759905402642186
23.150000000000002 0.25873783262560063 0.25873783262559735
23.200000000000003 0.2597381697478752 0.2597381697478723
23.25 0.2606266869862466 0.26062668698624364
23.3 0.2614323253821592 0.2614323253821572
23.35 0.2621856380048131 0.26218563800481176
23.400000000000002 0.26291803818642595 0.26291803818642523
23.450000000000003 0.26366101928229735 0.2636610192822977
23.5 0.26444536288124465 0.264445362881245
23.55 0.2653003530860624 0.2653003530860638
23.6 0.26625301478369584 0.26625301478369756
23.650000000000002 0.2673273937083157 0.26732739370831815
23.700000000000003 0.26854389555531144 0.26854389555531444
23.75 0.26991870042876254 0.26991870042876553
23.8 0.27146326750927763 0.27146326750928074
23.85 0.27318394303459903 0.27318394303460236
23.900000000000002 0.2750816825248982 0.27508168252490234
23.950000000000003 0.27715189570195375 0.27715189570195814
24.0 0.27938441980007295 0.27938441980007656
24.05 0.2817636240092865 0.2817636240092902
24.1 0.28426864469788066 0.2842686446978845
24.150000000000002 0.28687374790732406 0.2868737479073283
24.200000000000003 0.28954881247740877 0.28954881247741276
24.25 0.29225992412378027 0.29225992412378377
24.3 0.29497006793436054 0.29497006793436364
24.35 0.29763990415288094 0.2976399041528843
24.400000000000002 0.30022860984934896 0.3002286098493524
24.450000000000003 0.3026947672040343 0.3026947672040371
24.5 0.30499727770970364 0.3049972777097064
24.55 0.3070962806717047 0.3070962806717076
24.6 0.30895405399013676 0.308954053990139
24.650000000000002 0.3105358753623792 0.31053587536238114
24.700000000000003 0.3118108227529765 0.3118108227529777
24.75 0.31275249423197904 0.3127524942319795
24.8 0.3133396290583703 0.31333962905836954
24.85 0.31355661414384994 0.31355661414384844
24.900000000000002 0.3133938627223288 0.3133938627223269
24.950000000000003 0.3128480551079905 0.3128480551079888
25.0 0.3119222347749884 0.3119222347749867
25.05 0.31062575655118174 0.3106257565511795
25.1 0.30897408739646 0.3089740873964574
25.150000000000002 0.30698846393846546 0.3069884639384626
25.200000000000003 0.3046954145683498 0.3046954145683458
25.25 0.30212615736075277 0.3021261573607489
25.3 0.29931588828296707 0.2993158882829626
25.35 0.2963029770115792 0.2963029770115742
25.400000000000002 0.29312809010249347 0.2931280901024882
25.450000000000003 0.28983326319425523 0.2898332631942506
25.5 0.2864609453097209 0.286460945309716
25.55 0.2830530391161521 0.28305303911614726
25.6 0.279649961183003 0.27964996118299834
25.650000000000002 0.2762897458304082 0.2762897458304038
25.700000000000003 0.27300721509700493 0.27300721509700054
25.75 0.2698332356970137 0.2698332356970097
25.8 0.26679408162357743 0.2667940816235731
25.85 0.26391091834357483 0.26391091834357083
25.900000000000002 0.2611994213877004 0.2611994213876966
25.950000000000003 0.2586695386498855 0.2586695386498814
26.0 0.25632540196352643 0.25632540196352244
26.05 0.2541653896173865 0.25416538961738216
26.1 0.25218233751533015 0.25218233751532587
26.150000000000002 0.2503638927772506 0.25036389277724624
26.200000000000003 0.24869299982880522 0.24869299982880044
26.25 0.24714850553646722 0.2471485055364625
26.3 0.245705866806896 0.24570586680689074
26.35 0.24433794137157783 0.24433794137157272
26.400000000000002 0.2430158402933903 0.2430158402933842
26.450000000000003 0.24170981912164452 0.24170981912163836
26.5 0.24039018363145925 0.24039018363145293
26.55 0.2390281857401681 0.23902818574016205
26.6 0.23759688550862137 0.2375968855086149
26.650000000000002 0.23607195610119788 0.2360719561011908
26.700000000000003 0.23443241016987174 0.2344324101698645
26.75 0.23266122830213853 0.2326612283021317
26.8 0.23074587287128057 0.23074587287127393
26.85 0.2286786737770241 0.2286786737770178
26.900000000000002 0.2264570760791952 0.22645707607918897
26.950000000000003 0.22408374331036213 0.22408374331035552
27.0 0.22156651420197038 0.22156651420196438
27.05 0.2189182145636751 0.21891821456366944
27.1 0.21615633000734463 0.2161563300073392
27.150000000000002 0.21330254899682222 0.2133025489968171
27.200000000000003 0.2103821892276907 0.21038218922768573
27.25 0.2074235235009883 0.2074235235009839
27.3 0.204457023964274 0.20445702396426974
27.35 0.2015145457782217 0.20151454577821745
27.400000000000002 0.19862847286738047 0.19862847286737628
27.450000000000003 0.19583084938641998 0.1958308493864165
27.5 0.1931525208522925 0.19315252085229007
27.55 0.19062230855068274 0.19062230855068052
27.6 0.18826623983282906 0.18826623983282792
27.650000000000002 0.18610685530544413 0.18610685530544302
27.700000000000003 0.18416261172845722 0.18416261172845674
27.75 0.1824473967352755 0.18244739673527566
27.8 0.18097016835490132 0.18097016835490237
27.85 0.17973472883348113 0.17973472883348257
27.900000000000002 0.1787396385230196 0.17873963852302177
27.950000000000003 0.17797827173219663 0.1779782717321992
28.0 0.17743901252723704 0.1774390125272396
28.05 0.17710558463901632 0.17710558463901943
28.1 0.1769575059828908 0.17695750598289423
28.150000000000002 0.17697065493135056 0.17697065493135428
28.200000000000003 0.17711793248937618 0.17711793248938051
28.25 0.17737000198991565 0.1773700019899201
28.3 0.17769608592053754 0.17769608592054204
28.35 0.17806479806492226 0.1780647980649272
28.400000000000002 0.17844498833056782 0.17844498833057293
28.450000000000003 0.17880657745524978 0.17880657745525474
28.5 0.17912135923955247 0.1791213592395577
28.55 0.17936374902315105 0.17936374902315655
28.6 0.1795114587730256 0.17951145877303099
28.650000000000002 0.1795460813305754 0.179546081330581
28.700000000000003 0.17945356900507142 0.17945356900507753
28.75 0.1792245947237352 0.17922459472374105
28.8 0.17885478726438797 0.17885478726439408
28.85 0.1783448356078544 0.1783448356078602
28.900000000000002 0.17770046105224263 0.17770046105224796
28.950000000000003 0.17693225932635154 0.17693225932635673
29.0 0.17605541842257788 0.17605541842258238
29.05 0.17508932114312611 0.17508932114313036
29.1 0.17405704432656133 0.17405704432656566
29.150000000000002 0.17298476931411333 0.17298476931411744
29.200000000000003 0.17190112035821267 0.17190112035821664
29.25 0.17083644931504277 0.1708364493150472
29.3 0.16982208605949622 0.16982208605949975
29.35 0.1688895745924639 0.16888957459246695
29.400000000000002 0.16806991477143626 0.16806991477143904
29.450000000000003 0.167392828997453 0.1673928289974554
29.5 0.16688607206251777 0.1668860720625195
29.55 0.1665748007449137 0.16657480074491476
29.6 0.16648101769261017 0.16648101769261114
29.650000000000002 0.16662310172617145 0.16662310172617228
29.700000000000003 0.16701543400103408 0.1670154340010345
29.75 0.1676681265805906 0.16766812658059022
29.8 0.168586856976462 0.16858685697646092
29.85 0.16977280920252175 0.16977280920252014
29.900000000000002 0.1712227189551651 0.17122271895516333
29.950000000000003 0.17292901776046346 0.17292901776046116
30.0 0.17488006839887335 0.17488006839887044
30.05 0.1770604817007022 0.17706048170069916
30.1 0.17945150295986384 0.17945150295986
30.150000000000002 0.18203145478605492 0.18203145478605087
30.200000000000003 0.18477622223853332 0.18477622223852877
30.25 0.1876597655753513 0.18765976557534675
30.3 0.190654645912055 0.19065464591205059
30.35 0.1937325495001238 0.1937325495001193
30.400000000000002 0.19686479717999028 0.19686479717998548
30.450000000000003 0.20002282679509945 0.20002282679509464
30.5 0.2031786379191749 0.20317863791916996
30.55 0.2063051900857163 0.20630519008571174
30.6 0.20937674774637238 0.2093767477463676
30.650000000000002 0.21236916734750935 0.21236916734750497
30.700000000000003 0.21526012412401496 0.2152601241240113
30.75 0.21802927838817013 0.21802927838816605
30.8 0.22065838316432626 0.2206583831643235
30.85 0.22313133691748938 0.22313133691748666
30.900000000000002 0.22543418678382884 0.2254341867838263
30.950000000000003 0.22755508908161448 0.2275550890816129
31.0 0.22948423492141987 0.2294842349214189
31.05 0.23121374941684708 0.23121374941684675
31.1 0.23273757330726003 0.2327375733072608
31.150000000000002 0.2340513357416344 0.234051335741636
31.200000000000003 0.2351522265510831 0.2351522265510858
31.25 0.23603887558333664 0.23603887558333997
31.3 0.23671124562385315 0.23671124562385765
31.35 0.2371705441342442 0.23717054413424926
31.400000000000002 0.2374191575566142 0.23741915755662016
31.450000000000003 0.2374606103260557 0.23746061032606258
31.5 0.23729954907044545 0.23729954907045314
31.55 0.23694175082589336 0.23694175082590185
31.6 0.23639415252543622 0.23639415252544507
31.650000000000002 0.2356648975918727 0.2356648975918817
31.700000000000003 0.234763394240904 0.23476339424091325
31.75 0.23370037912763325 0.2337003791276429
31.8 0.2324879792875527 0.23248797928756215
31.85 0.23113976496051503 0.23113976496052474
31.900000000000002 0.22967078585836048 0.2296707858583703
31.950000000000003 0.2280975837463664 0.22809758374637557
32.0 0.22643817484488515 0.22643817484489426
32.050000000000004 0.2247119964971412 0.22471199649714976
32.1 0.22293981375706357 0.22293981375707178
32.15 0.2211435829817862 0.2211435829817941
32.2 0.21934627111276178 0.21934627111276928
32.25 0.21757163103646696 0.21757163103647414
32.300000000000004 0.2158439351651259 0.21584393516513278
32.35 0.21418767110254872 0.21418767110255543
32.4 0.21262720489346099 0.21262720489346681
32.45 0.21118641883305195 0.21118641883305717
32.5 0.2098883320788212 0.20988833207882607
32.550000000000004 0.2087547133087016 0.20875471330870546
32.6 0.20780569536698937 0.2078056953669928
32.65 0.20705940220298052 0.2070594022029832
32.7 0.20653159841870752 0.2065315984187091
32.75 0.20623537139711218 0.20623537139711356
32.800000000000004 0.20618085528865093 0.20618085528865157
32.85 0.20637500511388435 0.20637500511388523
32.9 0.2068214279253323 0.20682142792533287
32.95 0.20752027640779566 0.2075202764077964
33.0 0.20846820853600762 0.2084682085360088
33.050000000000004 0.20965841501251747 0.20965841501251894
33.1 0.21108071424315583 0.211080714243156
33.15 0.2127217126409111 0.21272171264091122
33.2 0.21456502615050618 0.21456502615050677
33.25 0.21659155712200434 0.2165915571220052
33.300000000000004 0.21877981909441147 0.21877981909441208
33.35 0.22110630073431028 0.22110630073431112
33.4 0.22354585915606606 0.22354585915606762
33.45 0.22607213216418978 0.22607213216419136
33.5 0.22865795862829086 0.22865795862829336
33.550000000000004 0.23127579623688682 0.2312757962368896
33.6 0.23389812627506734 0.23389812627507042
33.65 0.23649783581646908 0.23649783581647232
33.7 0.2390485687830342 0.2390485687830382
33.75 0.24152503866618086 0.24152503866618558
33.800000000000004 0.24390329726934895 0.24390329726935456
33.85 0.24616095556538295 0.24616095556538875
33.9 0.24827735459747619 0.2482773545974825
33.95 0.2502336862203426 0.25023368622035
34.0 0.2520130653085164 0.2520130653085249
34.050000000000004 0.25360055678217563 0.25360055678218524
34.1 0.2549831623525165 0.2549831623525266
34.15 0.2561497732096794 0.2561497732096895
34.2 0.2570910959163165 0.25709109591632745
34.25 0.25779955948934735 0.25779955948935884
34.300000000000004 0.2582692120234953 0.25826921202350706
34.35 0.2584956152182875 0.25849561521829956
34.4 0.2584757448144353 0.25847574481444735
34.45 0.25820790423901313 0.2582079042390254
34.5 0.25769165772826985 0.2576916577282815
34.550000000000004 0.2569277878815369 0.25692778788154824
34.6 0.25591828105030473 0.2559182810503158
34.65 0.25466634224336043 0.2546663422433714
34.7 0.2531764393997853 0.25317643939979595
34.75 0.251454375019408 0.25145437501941864
34.800000000000004 0.24950738132033617 0.24950738132034606
34.85 0.24734423339044714 0.24734423339045675
34.9 0.244975373286141 0.24497537328615038
34.95 0.24241303677344914 0.2424130367734581
35.0 0.23967137346165748 0.23967137346166614
35.050000000000004 0.23676655049532605 0.23676655049533407
35.1 0.23371682978196082 0.23371682978196862
35.15 0.23054260896056916 0.23054260896057654
35.2 0.22726641696703315 0.22726641696703995
35.25 0.2239128561162101 0.22391285611621678
35.300000000000004 0.2205084840730409 0.2205084840730471
35.35 0.21708163088599336 0.2170816308859993
35.4 0.213662148352278 0.21366214835228392
35.45 0.21028109130975203 0.210281091309757
35.5 0.20697033292929112 0.20697033292929595
35.550000000000004 0.20376211863007104 0.20376211863007537
35.6 0.20068856576997238 0.20068856576997673
35.65 0.1977811186835842 0.19778111868358816
35.7 0.19506997086142386 0.19506997086142724
35.75 0.1925834680005929 0.19258346800059628
35.800000000000004 0.19034750723094598 0.1903475072309488
35.85 0.18838494896380584 0.18838494896380814
35.9 0.1867150584667595 0.18671505846676228
35.95 0.185352994397366 0.1853529943973688
36.0 0.18430936110646823 0.18430936110647117
36.050000000000004 0.18358984054178118 0.18358984054178318
36.1 0.1831949180563661 0.1831949180563685
36.15 0.18311971438490465 0.18311971438490696
36.2 0.18335393354142454 0.18335393354142648
36.25 0.1838819334802772 0.1838819334802794
36.300000000000004 0.1846829231273614 0.1846829231273641
36.35 0.1857312859232823 0.18573128592328472
36.4 0.18699702642659335 0.18699702642659577
36.45 0.1884463329124766 0.18844633291247953
36.5 0.19004224538251227 0.19004224538251502
36.550000000000004 0.1917454150866988 0.19174541508670181
36.6 0.19351493865775377 0.19351493865775718
36.65 0.19530924737064198 0.19530924737064587
36.7 0.1970870299570628 0.19708702995706717
36.75 0.19880816590104533 0.1988081659010494
36.800000000000004 0.20043464527691185 0.2004346452769163
36.85 0.2019314510048767 0.20193145100488125
36.9 0.2032673799120368 0.20326737991204186
36.95 0.20441578019563145 0.20441578019563672
37.0 0.20535518476754117 0.2053551847675463
37.050000000000004 0.20606982246900546 0.2060698224690109
37.1 0.2065499922171799 0.20654999221718606
37.15 0.20679228869671262 0.20679228869671876
37.2 0.20679967214020062 0.20679967214020675
37.25 0.20658137893839476 0.20658137893840106
37.300000000000004 0.20615267416187633 0.20615267416188243
37.35 0.20553445143237115 0.20553445143237764
37.4 0.2047526898237501 0.20475268982375644
37.45 0.2038377814722353 0.20383778147224094
37.5 0.20282374721092378 0.20282374721092966
37.550000000000004 0.2017473607041645 0.20174736070417026
37.6 0.2006472041451947 0.20064720414520054
37.65 0.19956268051542042 0.19956268051542617
37.7 0.19853300862505296 0.19853300862505896
37.75 0.19759622762354592 0.19759622762355178
37.800000000000004 0.1967882373684085 0.19678823736841403
37.85 0.19614189998019982 0.19614189998020545
37.9 0.19568622612092465 0.19568622612093034
37.95 0.19544566706636285 0.19544566706636884
38.0 0.1954395305745999 0.19543953057460547
38.050000000000004 0.19568153497631816 0.19568153497632362
38.1 0.19617951193600636 0.1961795119360123
38.15 0.196935264078035 0.19693526407804085
38.2 0.1979445792668408 0.19794457926684683
38.25 0.1991973989097621 0.19919739890976795
38.300000000000004 0.20067813334786777 0.20067813334787304
38.35 0.20236611334374305 0.20236611334374832
38.400000000000006 0.2042361629865963 0.2042361629866014
38.45 0.20625927612303394 0.20625927612303868
38.5 0.20840337577977402 0.2084033757797787
38.550000000000004 0.2106341340472147 0.2106341340472193
38.6 0.21291582859431507 0.21291582859431893
38.650000000000006 0.21521221141743885 0.21521221141744207
38.7 0.2174873655972438 0.21748736559724619
38.75 0.219706526733589 0.21970652673359065
38.800000000000004 0.22183684731132278 0.22183684731132414
38.85 0.22384808446094012 0.22384808446094123
38.900000000000006 0.22571319433937112 0.22571319433937137
38.95 0.22740881957300896 0.22740881957300876
39.0 0.22891565976945644 0.22891565976945555
39.050000000000004 0.23021871889857673 0.23021871889857487
39.1 0.23130742724367684 0.23130742724367448
39.150000000000006 0.23217563950455816 0.2321756395045546
39.2 0.23282151437262733 0.23282151437262277
39.25 0.23324728437749992 0.23324728437749445
39.300000000000004 0.23345892791769385 0.23345892791768746
39.35 0.23346575804187095 0.23346575804186398
39.400000000000006 0.2332799446645658 0.2332799446645591
39.45 0.2329159884231914 0.23291598842318395
39.5 0.2323901652733821 0.2323901652733733
39.550000000000004 0.23171996116094967 0.23171996116093996
39.6 0.23092351570597364 0.23092351570596328
39.650000000000006 0.23001909281427332 0.23001909281426258
39.7 0.22902459454019222 0.22902459454018134
39.75 0.2279571324270226 0.2279571324270118
39.800000000000004 0.22683266802818414 0.22683266802817287
39.85 0.22566573145712793 0.22566573145711605
39.900000000000006 0.22446922373014852 0.22446922373013706
39.95 0.22325430546332165 0.22325430546331065
40.0 0.22203037127431854 0.2220303712743078
40.050000000000004 0.22080510613219612 0.22080510613218512
40.1 0.2195846169984203 0.21958461699840945
40.150000000000006 0.21837363050680497 0.21837363050679476
40.2 0.21717574522323416 0.2171757452232243
40.25 0.2159937252780531 0.2159937252780437
40.300000000000004 0.2148298209280846 0.2148298209280758
40.35 0.21368610091625984 0.2136861009162515
40.400000000000006 0.21256478137045923 0.21256478137045204
40.45 0.21146853641532262 0.21146853641531643
40.5 0.21040077663817885 0.21040077663817366
40.550000000000004 0.20936588301147874 0.20936588301147394
40.6 0.208369385770969 0.20836938577096548
40.650000000000006 0.20741808000891676 0.20741808000891365
40.7 0.2065200722805563 0.20652007228055425
40.75 0.20568475524661567 0.20568475524661473
40.800000000000004 0.20492271018657893 0.2049227101865787
40.85 0.204245540015706 0.20424554001570638
40.900000000000006 0.20366563812445065 0.2036656381244512
40.95 0.2031959008373732 0.20319590083737454
41.0 0.20284939347347555 0.20284939347347714
41.050000000000004 0.20263898180550532 0.2026389818055075
41.1 0.20257694210005545 0.20257694210005817
41.150000000000006 0.2026745638263986 0.2026745638264012
41.2 0.20294175952017246 0.2029417595201749
41.25 0.20338669616619018 0.20338669616619323
41.300000000000004 0.20401546182889485 0.20401546182889785
41.35 0.20483178013317108 0.20483178013317427
41.400000000000006 0.20583678362314525 0.20583678362314817
41.45 0.20702885505831503 0.20702885505831758
41.5 0.20840354341444567 0.20840354341444767
41.550000000000004 0.20995355882155106 0.20995355882155317
41.6 0.21166884798159608 0.2116688479815973
41.650000000000006 0.2135367488579939 0.21353674885799442
41.7 0.21554222071311743 0.21554222071311702
41.75 0.21766814298303774 0.21766814298303638
41.800000000000004 0.219895674110135 0.21989567411013228
41.85 0.22220465938599285 0.22220465938598905
41.900000000000006 0.2245740751605676 0.22457407516056327
41.95 0.22698249550765282 0.22698249550764762
42.0 0.22940856664499443 0.22940856664498782
42.050000000000004 0.23183147411757007 0.2318314741175627
42.1 0.23423138797491272 0.2342313879749045
42.150000000000006 0.2365898719007598 0.23658987190075087
42.2 0.2388902434613061 0.23889024346129642
42.25 0.241117874286169 0.24111787428615913
42.300000000000004 0.24326042102785198 0.24326042102784168
42.35 0.24530798029222897 0.2453079802922181
42.400000000000006 0.24725316331449876 0.24725316331448738
42.45 0.24909108888448045 0.24909108888446904
42.5 0.25081929580914464 0.25081929580913287
42.550000000000004 0.2524375789440763 0.2524375789440645
42.6 0.25394775543563963 0.253947755435628
42.650000000000006 0.2553533702027929 0.2553533702027807
42.7 0.2566593517701074 0.2566593517700946
42.75 0.2578716312700952 0.2578716312700823
42.800000000000004 0.258996738704454 0.25899673870444184
42.85 0.2600413913460315 0.2600413913460198
42.900000000000006 0.26101208944787 0.2610120894478586
42.95 0.2619147341913917 0.26191473419138106
43.0 0.26275428205877704 0.2627542820587669
43.050000000000004 0.2635344485782587 0.2635344485782496
43.1 0.2642574727051949 0.26425747270518685
43.150000000000006 0.2649239510213719 0.26492395102136423
43.2 0.26553274852822234 0.2655327485282159
43.25 0.26608099015587905 0.2660809901558739
43.300000000000004 0.26656413429688275 0.2665641342968787
43.35 0.2669761267942903 0.2669761267942873
43.400000000000006 0.267309630964538 0.2673096309645365
43.45 0.26755632651084854 0.26755632651084765
43.5 0.26770726767444125 0.2677072676744414
43.550000000000004 0.2677532887628574 0.2677532887628591
43.6 0.2676854433621958 0.26768544336219824
43.650000000000006 0.26749546214596265 0.2674954621459661
43.7 0.2671762132863805 0.2671762132863851
43.75 0.2667221490875853 0.2667221490875914
43.800000000000004 0.26612972261061074 0.26612972261061774
43.85 0.26539775874654237 0.26539775874655025
43.900000000000006 0.2645277653985978 0.2645277653986068
43.95 0.26352417212120915 0.2635241721212187
44.0 0.26239448568398205 0.26239448568399265
44.050000000000004 0.2611493545161092 0.2611493545161204
44.1 0.25980253676580695 0.25980253676581855
44.150000000000006 0.2583707696935505 0.25837076969356254
44.2 0.2568735412142386 0.256873541214251
44.25 0.2553327675149456 0.2553327675149584
44.300000000000004 0.2537723837038733 0.25377238370388666
44.35 0.25221785729674895 0.252217857296762
44.400000000000006 0.25069563692885255 0.2506956369288659
44.45 0.24923255091170848 0.2492325509117222
44.5 0.24785517206135393 0.2478551720613673
44.550000000000004 0.2465891665512348 0.2465891665512488
44.6 0.24545864534281867 0.24545864534283196
44.650000000000006 0.24448553699291753 0.2444855369929303
44.7 0.2436890003173281 0.24368900031734106
44.75 0.2430848945118408 0.2430848945118534
44.800000000000004 0.24268532291728245 0.2426853229172947
44.85 0.24249826470476893 0.24249826470478036
44.900000000000006 0.24252730640559855 0.2425273064056092
44.95 0.24277148248568967 0.24277148248569932
45.0 0.24322523114689015 0.2432252311468996
45.050000000000004 0.2438784683156572 0.24387846831566612
45.1 0.24471677944844067 0.24471677944844844
45.150000000000006 0.24572172544094686 0.2457217254409531
45.2 0.24687125567388804 0.24687125567389315
45.25 0.24814021815684248 0.2481402181568475
45.300000000000004 0.24950095393484964 0.24950095393485416
45.35 0.2509239604814922 0.2509239604814965
45.400000000000006 0.2523786067889321 0.25237860678893603
45.45 0.2538338813381954 0.25383388133819934
45.5 0.25525915313612735 0.2552591531361307
45.550000000000004 0.2566249255670946 0.25662492556709765
45.6 0.2579035629394946 0.25790356293949734
45.650000000000006 0.25906997030445367 0.2590699703044569
45.7 0.2601022083651804 0.26010220836518305
45.75 0.2609820270430101 0.26098202704301315
45.800000000000004 0.261695303468396 0.2616953034683991
45.85 0.2622323727571828 0.2622323727571867
45.900000000000006 0.2625882428389761 0.26258824283898075
45.95 0.2627626877410638 0.26276268774106837
46.0 0.2627602170082244 0.2627602170082289
46.050000000000004 0.2625899222625364 0.26258992226254196
46.1 0.2622652051842413 0.26226520518424806
46.150000000000006 0.2618033943334197 0.26180339433342725
46.2 0.2612252611462237 0.26122526114623223
46.25 0.26055444804962313 0.2605544480496325
46.300000000000004 0.2598168238756583 0.2598168238756681
46.35 0.2590397835621984 0.259039783562209
46.400000000000006 0.25825151045731387 0.25825151045732553
46.45 0.2574802203679289 0.2574802203679415
46.5 0.256753406794562 0.25675340679457515
46.550000000000004 0.2560971065718702 0.2560971065718828
46.6 0.2555352044033349 0.2555352044033475
46.650000000000006 0.2550887935659093 0.2550887935659222
46.7 0.25477560840788765 0.2547756084079012
46.75 0.2546095422234846 0.2546095422234982
46.800000000000004 0.25460026172318373 0.25460026172319666
46.85 0.2547529267003481 0.25475292670036054
46.900000000000006 0.25506802069792167 0.25506802069793355
46.95 0.2555412955837661 0.25554129558377636
47.0 0.25616383002961685 0.2561638300296263
47.050000000000004 0.25692219903579183 0.2569221990358003
47.1 0.2577987489270341 0.2577987489270414
47.150000000000006 0.2587719697338594 0.25877196973386624
47.2 0.25981695463062093 0.2598169546306268
47.25 0.26090593417913754 0.2609059341791419
47.300000000000004 0.26200887156774644 0.26200887156774966
47.35 0.26309410387118637 0.26309410387118837
47.400000000000006 0.2641290136061621 0.2641290136061625
47.45 0.26508071452799087 0.2650807145279892
47.5 0.2659167357007206 0.2659167357007184
47.550000000000004 0.2666056883604838 0.2666056883604799
47.6 0.26711790095298116 0.2671179009529764
47.650000000000006 0.26742600892502205 0.26742600892501583
47.7 0.2675054873427864 0.26750548734277885
47.75 0.267335116145649 0.26733511614564054
47.800000000000004 0.26689736976874007 0.2668973697687309
47.85 0.26617872492172057 0.2661787249217102
47.900000000000006 0.26516988243628536 0.26516988243627404
47.95 0.2638659012318482 0.2638659012318366
48.0 0.262266244541324 0.26226624454131187
48.050000000000004 0.2603747405341662 0.2603747405341534
48.1 0.2581994613243926 0.2581994613243793
48.150000000000006 0.25575252601590415 0.2557525260158908
48.2 0.2530498348819752 0.2530498348819626
48.25 0.2501107429739529 0.2501107429739404
48.300000000000004 0.2469576823879489 0.24695768238793653
48.35 0.24361574307759554 0.2436157430775839
48.400000000000006 0.24011222248407504 0.24011222248406355
48.45 0.23647615436748454 0.23647615436747343
48.5 0.23273782707917384 0.2327378270791643
48.550000000000004 0.22892830113233392 0.22892830113232537
48.6 0.22507893533254505 0.2250789353325382
48.650000000000006 0.22122092995031795 0.22122092995031162
48.7 0.21738489448622283 0.2173848944862176
48.75 0.21360044653052768 0.21360044653052404
48.800000000000004 0.20989584708883618 0.20989584708883335
48.85 0.20629767656848935 0.20629767656848796
48.900000000000006 0.20283055443184977 0.20283055443184952
48.95 0.19951690435436764 0.19951690435436883
49.0 0.1963767656071792 0.19637676560718226
49.050000000000004 0.19342765034202786 0.19342765034203147
49.1 0.1906844455127552 0.19068444551276087
49.150000000000006 0.18815935734039757 0.18815935734040382
49.2 0.1858618955313116 0.18586189553131804
49.25 0.18379889389862752 0.1837988938986353
49.300000000000004 0.1819745636207355 0.18197456362074405
49.35 0.18039057509640938 0.18039057509641804
49.400000000000006 0.17904616422028702 0.17904616422029665
49.45 0.17793825889685605 0.17793825889686596
49.5 0.17706162172469697 0.1770616217247083
49.550000000000004 0.17640900500175125 0.17640900500176293
49.6 0.17597131451072978 0.17597131451074183
49.650000000000006 0.17573777892402964 0.1757377789240422
49.7 0.17569612210107988 0.1756961221010926
49.75 0.17583273601896796 0.17583273601898114
49.800000000000004 0.17613285256076266 0.17613285256077504
49.85 0.1765807128668891 0.17658071286690122
49.900000000000006 0.1771597334163271 0.1771597334163395
49.95 0.17785266843066633 0.1778526684306788
50.0 0.17864176857166597 0.1786417685716778
