0.0 1.0 1.0
0.025 0.9993752633019733 0.9993752633019727
0.05 0.9975042107020633 0.9975042107020624
0.07500000000000001 0.9943962987244243 0.9943962987244231
0.1 0.9900672351287895 0.9900672351287886
0.125 0.9845388995215709 0.9845388995215696
0.15000000000000002 0.9778392327737022 0.9778392327737009
0.17500000000000002 0.9700020958041303 0.9700020958041292
0.2 0.9610670984426711 0.9610670984426701
0.225 0.9510793992371794 0.9510793992371781
0.25 0.9400894772168352 0.9400894772168341
0.275 0.9281528767650783 0.9281528767650778
0.30000000000000004 0.9153299268916372 0.9153299268916363
0.325 0.9016854363224758 0.9016854363224754
0.35000000000000003 0.8872883659487291 0.8872883659487286
0.375 0.8722114802900885 0.8722114802900877
0.4 0.8565309797341947 0.8565309797341938
0.42500000000000004 0.8403261154107468 0.8403261154107461
0.45 0.8236787886467875 0.8236787886467871
0.47500000000000003 0.8066731370275818 0.8066731370275817
0.5 0.7893951091551704 0.78939510915517
0.525 0.7719320302538312 0.7719320302538308
0.55 0.7543721608179283 0.7543721608179283
0.5750000000000001 0.7368042505327923 0.7368042505327922
0.6000000000000001 0.7193170897231684 0.7193170897231682
0.625 0.701999060596272 0.7019990605962722
0.65 0.6849376905475186 0.6849376905475186
0.675 0.6682192097865706 0.6682192097865703
0.7000000000000001 0.6519281155195231 0.6519281155195232
0.7250000000000001 0.6361467448898933 0.6361467448898935
0.75 0.6209548588368251 0.6209548588368256
0.775 0.6064292389737408 0.6064292389737408
0.8 0.5926432995248611 0.5926432995248613
0.8250000000000001 0.5796667162809166 0.5796667162809174
0.8500000000000001 0.5675650744493473 0.5675650744493477
0.875 0.5563995371787981 0.5563995371787989
0.9 0.5462265364332392 0.5462265364332398
0.925 0.5370974877780482 0.537097487778049
0.9500000000000001 0.529058530519584 0.5290585305195847
0.9750000000000001 0.5221502945115968 0.522150294511598
1.0 0.51640769480708 0.5164076948070809
1.0250000000000001 0.5118597551934028 0.5118597551934034
1.05 0.5085294615026116 0.5085294615026119
1.075 0.506433645438279 0.5064336454382794
1.1 0.5055828995060546 0.5055828995060553
1.125 0.5059815234778747 0.5059815234778748
1.1500000000000001 0.5076275026603945 0.5076275026603948
1.175 0.5105125180774946 0.5105125180774948
1.2000000000000002 0.5146219885153813 0.5146219885153809
1.225 0.5199351442177885 0.5199351442177881
1.25 0.5264251318588181 0.5264251318588178
1.2750000000000001 0.5340591502628672 0.5340591502628667
1.3 0.5427986161857017 0.542798616185701
1.3250000000000002 0.5525993593187991 0.5525993593187981
1.35 0.5634118455313823 0.5634118455313815
1.375 0.5751814272218562 0.5751814272218552
1.4000000000000001 0.587848619513337 0.5878486195133359
1.425 0.6013494008973514 0.6013494008973501
1.4500000000000002 0.6156155368062157 0.6156155368062145
1.475 0.6305749244787219 0.6305749244787207
1.5 0.6461519573761365 0.6461519573761353
1.5250000000000001 0.6622679073067119 0.662267907306711
1.55 0.6788413223274049 0.6788413223274038
1.5750000000000002 0.6957884384117645 0.6957884384117629
1.6 0.7130236028033599 0.7130236028033582
1.625 0.730459706915083 0.7304597069150813
1.6500000000000001 0.7480086265863907 0.7480086265863889
1.675 0.765581667473376 0.7655816674733745
1.7000000000000002 0.7830900133206169 0.7830900133206153
1.725 0.8004451748491775 0.8004451748491757
1.75 0.8175594369920334 0.8175594369920314
1.7750000000000001 0.834346302216536 0.8343463022165345
1.8 0.8507209276933141 0.8507209276933125
1.8250000000000002 0.8666005541021026 0.8666005541021009
1.85 0.88190492390727 0.8819049239072678
1.875 0.8965566869890246 0.8965566869890227
1.9000000000000001 0.9104817915801962 0.9104817915801943
1.925 0.9236098585327404 0.9236098585327385
1.9500000000000002 0.9358745370223949 0.9358745370223928
1.975 0.947213839893696 0.9472138398936941
2.0 0.9575704569504975 0.9575704569504956
2.025 0.96689204460857 0.966892044608568
2.0500000000000003 0.9751314904463515 0.9751314904463506
2.075 0.9822471513167768 0.9822471513167752
2.1 0.9882030638167298 0.9882030638167282
2.125 0.992969126050399 0.992969126050398
2.15 0.9965212497678673 0.9965212497678659
2.1750000000000003 0.9988414821100127 0.9988414821100113
2.2 0.9999180963444114 0.9999180963444103
2.225 0.9997456511336519 0.9997456511336507
2.25 0.9983250180365029 0.9983250180365011
2.275 0.995663377102951 0.9956633771029508
2.3000000000000003 0.9917741805853748 0.9917741805853733
2.325 0.9866770849492348 0.9866770849492336
2.35 0.9803978515269525 0.9803978515269518
2.375 0.9729682163170434 0.9729682163170427
2.4000000000000004 0.9644257295865755 0.9644257295865742
2.4250000000000003 0.9548135660876165 0.954813566087616
2.45 0.9441803068468659 0.9441803068468655
2.475 0.9325796936313152 0.9325796936313149
2.5 0.9200703573309192 0.9200703573309188
2.5250000000000004 0.9067155216310472 0.9067155216310469
2.5500000000000003 0.8925826834723982 0.8925826834723984
2.575 0.8777432719133705 0.8777432719133704
2.6 0.8622722871190355 0.8622722871190356
2.625 0.846247921301315 0.8462479213013151
2.6500000000000004 0.829751163526165 0.829751163526165
2.6750000000000003 0.8128653903851286 0.8128653903851293
2.7 0.795675944600047 0.7956759446000476
2.725 0.7782697036907087 0.7782697036907089
2.75 0.7607346408854512 0.7607346408854521
2.7750000000000004 0.7431593804939212 0.743159380493921
2.8000000000000003 0.7256327499891808 0.725632749989181
2.825 0.7082433310630188 0.7082433310630192
2.85 0.6910790119234532 0.6910790119234533
2.875 0.6742265430971944 0.6742265430971948
2.9000000000000004 0.6577710989820831 0.6577710989820832
2.9250000000000003 0.6417958473654719 0.6417958473654719
2.95 0.6263815290842563 0.6263815290842558
2.975 0.611606049951006 0.6116060499510061
3.0 0.5975440870086492 0.5975440870086495
3.0250000000000004 0.5842667111037445 0.5842667111037443
3.0500000000000003 0.5718410276858995 0.5718410276858993
3.075 0.5603298376487865 0.5603298376487862
3.1 0.5497913199268954 0.5497913199268953
3.125 0.5402787374522255 0.540278737452225
3.1500000000000004 0.5318401679570373 0.5318401679570368
3.1750000000000003 0.5245182609832357 0.524518260983235
3.2 0.5183500223264677 0.5183500223264668
3.225 0.5133666270043966 0.5133666270043955
3.25 0.5095932616944242 0.5095932616944232
3.2750000000000004 0.507048997437205 0.5070489974372039
3.3000000000000003 0.5057466932493195 0.5057466932493183
3.325 0.5056929311322623 0.5056929311322611
3.35 0.5068879828062187 0.5068879828062173
3.375 0.5093258083367573 0.5093258083367556
3.4000000000000004 0.5129940866613827 0.5129940866613808
3.4250000000000003 0.5178742778616637 0.5178742778616613
3.45 0.523941716866202 0.5239417168661995
3.475 0.5311657381108614 0.5311657381108589
3.5 0.539509830526205 0.5395098305262025
3.5250000000000004 0.5489318220688179 0.5489318220688151
3.5500000000000003 0.5593840928638678 0.5593840928638649
3.575 0.5708138158816654 0.5708138158816625
3.6 0.5831632239318032 0.5831632239318001
3.625 0.5963699016254616 0.5963699016254587
3.6500000000000004 0.610367100830268 0.6103671008302651
3.6750000000000003 0.6250840780233579 0.625084078023355
3.7 0.640446451837623 0.6404464518376201
3.725 0.6563765789940567 0.6563765789940537
3.75 0.6727939467201942 0.6727939467201911
3.7750000000000004 0.6896155796713186 0.6896155796713153
3.8000000000000003 0.7067564592977991 0.7067564592977954
3.825 0.7241299535390336 0.7241299535390298
3.85 0.7416482546722705 0.7416482546722668
3.875 0.7592228231033658 0.7592228231033619
3.9000000000000004 0.776764834856505 0.7767648348565015
3.9250000000000003 0.7941856305012283 0.7941856305012249
3.95 0.8113971632478199 0.8113971632478163
3.975 0.8283124439463383 0.8283124439463352
4.0 0.8448459807402114 0.8448459807402079
4.025 0.8609142111523252 0.8609142111523224
4.05 0.8764359244198054 0.8764359244198019
4.075 0.8913326719429435 0.8913326719429415
4.1000000000000005 0.9055291637738346 0.9055291637738321
4.125 0.918953649140787 0.9189536491407843
4.15 0.931538279085335 0.9315382790853329
4.175 0.9432194493790055 0.9432194493790038
4.2 0.953938121986714 0.9539381219867114
4.2250000000000005 0.9636401234520694 0.9636401234520673
4.25 0.9722764186965229 0.9722764186965206
4.275 0.9798033588485284 0.9798033588485268
4.3 0.9861829018501759 0.9861829018501737
4.325 0.9913828047263095 0.9913828047263086
4.3500000000000005 0.9953767865443947 0.9953767865443928
4.375 0.9981446612414929 0.9981446612414918
4.4 0.9996724396470547 0.9996724396470539
4.425 0.9999524001858575 0.9999524001858568
4.45 0.9989831279037753 0.998983127903774
4.4750000000000005 0.996769521619122 0.9967695216191215
4.5 0.9933227691634458 0.9933227691634451
4.525 0.988660290836877 0.9886602908368771
4.55 0.9828056513638501 0.98280565136385
4.575 0.9757884407941563 0.9757884407941565
4.6000000000000005 0.9676441249512878 0.9676441249512877
4.625 0.9584138661839121 0.9584138661839121
4.65 0.948144315326428 0.9481443153264275
4.675 0.9368873759200542 0.9368873759200549
4.7 0.9246999418861137 0.9246999418861137
4.7250000000000005 0.9116436099773275 0.9116436099773275
4.75 0.8977843684604487 0.8977843684604492
4.775 0.8831922636036462 0.8831922636036464
4.800000000000001 0.8679410456542712 0.8679410456542712
4.825 0.8521077960962622 0.8521077960962626
4.8500000000000005 0.8357725380710881 0.835772538071088
4.875 0.8190178319311923 0.8190178319311925
4.9 0.8019283579700787 0.8019283579700791
4.925000000000001 0.7845904884379535 0.7845904884379531
4.95 0.767091851006017 0.7670918510060172
4.9750000000000005 0.7495208858857101 0.7495208858857103
5.0 0.7319663988412823 0.7319663988412827
