0.0 0.5 0.5
0.01 0.4999977500485376 0.4999977500485781
0.02 0.4999910007769193 0.4999910007769614
0.03 0.4999797539329109 0.49997975393295196
0.04 0.4999640124284653 0.4999640124284936
0.05 0.49994378033809633 0.49994378033814174
0.06 0.4999190628968508 0.49991906289689747
0.07 0.4998898664973791 0.49988986649742684
0.08 0.4998561986866256 0.4998561986866636
0.09 0.4998180681617591 0.4998180681618007
0.1 0.499775484765627 0.4997754847656678
0.11 0.4997284594814786 0.4997284594815052
0.12 0.49967700442710106 0.4996770044271257
0.13 0.49962113284845283 0.49962113284848153
0.14 0.49956085911258025 0.49956085911262643
0.15 0.4994961987000419 0.49949619870008716
0.16 0.4994271681965893 0.49942716819664107
0.17 0.4993537852844556 0.49935378528451085
0.18 0.4992760687329209 0.49927606873297536
0.19 0.49919403838836973 0.4991940383884057
0.2 0.49910771516369745 0.499107715163731
0.21 0.49901712102730705 0.4990171210273395
0.22 0.4989222789913846 0.49892227899142044
0.23 0.49882321309971717 0.49882321309975447
0.24 0.4987199484149197 0.49871994841496015
0.25 0.49861251100516857 0.49861251100519977
0.26 0.4985009279303403 0.49850092793035583
0.27 0.49838522722767137 0.4983852272276863
0.28 0.49826543789695327 0.4982654378969614
0.29 0.49814158988506835 0.49814158988509716
0.3 0.49801371407024686 0.4980137140702879
0.31 0.4978818422455956 0.49788184224565374
0.32 0.49774600710235545 0.4977460071024023
0.33 0.4976062422124757 0.49760624221252703
0.34 0.4974625820109855 0.4974625820110376
0.35000000000000003 0.4973150617776944 0.4973150617777467
0.36 0.49716371761855943 0.49716371761861
0.37 0.4970085864466008 0.4970085864466408
0.38 0.49684970596236666 0.49684970596240496
0.39 0.49668711463406345 0.49668711463410486
0.4 0.4965208516772332 0.4965208516772717
0.41000000000000003 0.49635095703402793 0.49635095703406823
0.42 0.49617747135217594 0.4961774713522209
0.43 0.496000435963559 0.49600043596359095
0.44 0.49581989286236766 0.49581989286239564
0.45 0.4956358846830517 0.49563588468309233
0.46 0.49544845467788173 0.4954484546779415
0.47000000000000003 0.49525764669419947 0.49525764669425715
0.48 0.4950635051512987 0.49506350515135966
0.49 0.49486607501719354 0.49486607501724567
0.5 0.4946654017849163 0.49466540178498547
0.51 0.494461531448808 0.4944615314488656
0.52 0.4942545104802397 0.4942545104802867
0.53 0.49404438580337634 0.49404438580343185
0.54 0.49383120477066617 0.49383120477072334
0.55 0.4936150151380004 0.49361501513807404
0.56 0.49339586503987426 0.4933958650399588
0.5700000000000001 0.4931738029642198 0.49317380296430824
0.58 0.4929488777271604 0.49294887772725243
0.59 0.49272113844761306 0.4927211384477189
0.6 0.4924906345217904 0.49249063452190506
0.61 0.4922574155975201 0.49225741559764175
0.62 0.49202153154854045 0.4920215315486585
0.63 0.4917830324486742 0.49178303244876764
0.64 0.49154196854589427 0.4915419685459878
0.65 0.4912983902365455 0.49129839023661226
0.66 0.4910523480391643 0.4910523480392465
0.67 0.4908038925687489 0.4908038925688294
0.68 0.49055307451055163 0.49055307451064567
0.6900000000000001 0.4902999445942494 0.4902999445943602
0.7000000000000001 0.49004455356796284 0.4900445535680729
0.71 0.48978695217233376 0.48978695217242524
0.72 0.4895271911146775 0.4895271911147632
0.73 0.4892653210432857 0.48926532104338033
0.74 0.4890013925217557 0.4890013925218487
0.75 0.48873545600339763 0.488735456003464
0.76 0.48846756180574413 0.48846756180580997
0.77 0.48819776008539817 0.488197760085465
0.78 0.487926100812816 0.487926100812864
0.79 0.4876526337472821 0.4876526337473315
0.8 0.48737740841225574 0.4873774084123018
0.81 0.48710047407069895 0.4871004740707432
0.8200000000000001 0.4868218797007574 0.48682187970079527
0.8300000000000001 0.4865416739715953 0.4865416739716487
0.84 0.48625990521960977 0.48625990521966245
0.85 0.48597662142471687 0.4859766214247564
0.86 0.4856918701870421 0.48569187018707216
0.87 0.4854056987039105 0.48540569870393735
0.88 0.4851181537471062 0.48511815374713213
0.89 0.48482928164045275 0.4848292816404815
0.9 0.48453912823776024 0.48453912823778567
0.91 0.48424773890107886 0.48424773890110234
0.92 0.4839551584793743 0.48395515847939474
0.93 0.4836614312875405 0.4836614312875611
0.9400000000000001 0.48336660108583696 0.48336660108585583
0.9500000000000001 0.4830707110596957 0.48307071105972155
0.96 0.48277380379999224 0.48277380380003987
0.97 0.4824759212837678 0.4824759212838153
0.98 0.4821771048552622 0.4821771048553088
0.99 0.48187739520756645 0.4818773952076278
1.0 0.4815768323647184 0.4815768323647891
1.01 0.4812754556642008 0.4812754556642679
1.02 0.48097330373998504 0.48097330374003716
1.03 0.48067041450605597 0.480670414506119
1.04 0.480366825140602 0.48036682514065243
1.05 0.4800625720704371 0.4800625720704902
1.06 0.4797576909562851 0.4797576909563358
1.07 0.4794522166783756 0.47945221667843074
1.08 0.4791461833227425 0.4791461833228019
1.09 0.47883962416801945 0.47883962416807824
1.1 0.4785325716728358 0.47853257167288693
1.11 0.47822505746378374 0.4782250574638363
1.12 0.4779171123240411 0.4779171123240977
1.1300000000000001 0.47760876618254555 0.47760876618258835
1.1400000000000001 0.47730004810373017 0.4773000481037699
1.1500000000000001 0.4769909862780314 0.4769909862780645
1.16 0.4766816080128643 0.4766816080128997
1.17 0.4763719397243341 0.47637193972438463
1.18 0.4760620069295798 0.47606200692962763
1.19 0.47575183423965006 0.47575183423969825
1.2 0.47544144535319277 0.4754414453532412
1.21 0.4751308630507044 0.4751308630507448
1.22 0.47482010918941714 0.47482010918947143
1.23 0.4745092046989965 0.47450920469905045
1.24 0.47419816957768274 0.47419816957774213
1.25 0.47388702288929174 0.4738870228893691
1.26 0.47357578276086465 0.4735757827609259
1.27 0.4732644663808063 0.47326446638086206
1.28 0.472953089997979 0.4729530899980452
1.29 0.47264166892133724 0.4726416689214026
1.3 0.4723302175201973 0.47233021752024573
1.31 0.47201874922522624 0.4720187492252715
1.32 0.47170727653022393 0.4717072765302499
1.33 0.4713958109943377 0.47139581099438865
1.34 0.4710843632453371 0.47108436324537906
1.35 0.47077294298305733 0.47077294298311906
1.36 0.4704615589840664 0.47046155898411457
1.37 0.4701502191064967 0.47015021910655297
1.3800000000000001 0.4698389302959884 0.4698389302960483
1.3900000000000001 0.46952769859197696 0.46952769859205484
1.4000000000000001 0.4692165291348475 0.4692165291349435
1.41 0.4689054261736332 0.46890542617374054
1.42 0.46859439307441775 0.46859439307451733
1.43 0.46828343232933245 0.46828343232943315
1.44 0.46797254556632295 0.46797254556642076
1.45 0.46766173355943075 0.4676617335595096
1.46 0.4673509962396828 0.46735099623977977
1.47 0.467040332706838 0.4670403327069429
1.48 0.4667297412414275 0.466729741241534
1.49 0.46641921931762786 0.46641921931771835
1.5 0.4661087636165941 0.4661087636166918
1.51 0.46579837004060604 0.4657983700406779
1.52 0.4654880337274237 0.46548803372750147
1.53 0.465177749065666 0.4651777490657386
1.54 0.46486750971035495 0.46486750971042323
1.55 0.4645573085992242 0.4645573085993082
1.56 0.46424713796957784 0.4642471379696647
1.57 0.46393698937551425 0.46393698937560857
1.58 0.4636268537058225 0.46362685370594425
1.59 0.4633167212023918 0.46331672120251105
1.6 0.46300658147890467 0.46300658147902096
1.61 0.46269642354028007 0.46269642354037455
1.62 0.46238623580235183 0.46238623580243965
1.6300000000000001 0.46207600611220523 0.46207600611228106
1.6400000000000001 0.46176572176873604 0.4617657217688266
1.6500000000000001 0.46145536954387645 0.4614553695439536
1.6600000000000001 0.46114493570390436 0.4611449357039815
1.67 0.4608344060314723 0.46083440603155623
1.68 0.4605237658478043 0.4605237658479098
1.69 0.46021300003538324 0.46021300003547777
1.7 0.4599020930607808 0.45990209306086177
1.71 0.45959102899804005 0.459591028998118
1.72 0.45927979155227816 0.4592797915523525
1.73 0.4589683640835337 0.4589683640836149
1.74 0.45865672963100623 0.4586567296310604
1.75 0.45834487093729837 0.4583448709373746
1.76 0.45803277047336 0.4580327704734355
1.77 0.457720410463124 0.45772041046319717
1.78 0.457407772908694 0.457407772908778
1.79 0.45709483961563474 0.4570948396157316
1.8 0.45678159221839243 0.4567815922184867
1.81 0.45646801220585836 0.4564680122059315
1.82 0.45615408094705523 0.45615408094712845
1.83 0.45583977971706724 0.4558397797171376
1.84 0.45552508972288297 0.45552508972292993
1.85 0.4552099921293487 0.45520999212937097
1.86 0.4548944680852276 0.4548944680852557
1.87 0.45457849874935496 0.45457849874937717
1.8800000000000001 0.45426206531657687 0.45426206531660324
1.8900000000000001 0.45394514904392513 0.453945149043949
1.9000000000000001 0.45362773127662254 0.45362773127662115
1.9100000000000001 0.4533097934740141 0.4533097934740145
1.92 0.45299131723565267 0.45299131723564257
1.93 0.45267228432699175 0.45267228432698176
1.94 0.45235267670522106 0.45235267670520907
1.95 0.45203247654483 0.4520324765448147
1.96 0.45171166626307724 0.4517116662630686
1.97 0.45139022854533073 0.45139022854532235
1.98 0.4510681463701365 0.45106814637012727
1.99 0.4507454030341619 0.4507454030341488
2.0 0.45042198217687324 0.4504219821768571
2.0100000000000002 0.45009786780496575 0.4500978678049768
2.02 0.44977304431666365 0.4497730443166756
2.0300000000000002 0.44944749652543714 0.4494474965254729
2.04 0.4491212096838164 0.4491212096838505
2.05 0.4487941695065115 0.4487941695065467
2.06 0.44846636219347724 0.44846636219351443
2.07 0.44813777445249015 0.4481377744525287
2.08 0.4478083935213809 0.4478083935214209
2.09 0.4474782071898761 0.447478207189927
2.1 0.44714720382107853 0.4471472038211288
2.11 0.4468153723724221 0.4468153723724744
2.12 0.44648270241630283 0.44648270241635785
2.13 0.44614918416017335 0.4461491841602453
2.14 0.44581480846623744 0.4458148084663285
2.15 0.4454795668706193 0.4454795668706911
2.16 0.4451434516019266 0.44514345160197344
2.17 0.4448064555994635 0.44480645559951915
2.18 0.4444685725309301 0.4444685725309895
2.19 0.44412979680936615 0.4441297968094316
2.2 0.44379012360969733 0.4437901236097867
2.21 0.44344954888473587 0.4434495488848239
2.22 0.443108069380429 0.443108069380488
2.23 0.44276568265060284 0.4427656826506471
2.24 0.4424223870711842 0.44242238707123
2.25 0.44207818185369885 0.4420781818537387
2.2600000000000002 0.441733067058092 0.44173306705812815
2.27 0.4413870436050052 0.441387043605039
2.2800000000000002 0.44104011328733883 0.44104011328737647
2.29 0.4406922787811669 0.4406922787812221
2.3000000000000003 0.440343543656019 0.4403435436560724
2.31 0.43999391238433877 0.4399939123843929
2.32 0.43964339035043043 0.4396433903504805
2.33 0.4392919838585888 0.43929198385862644
2.34 0.43893970014052214 0.4389397001405725
2.35 0.4385865473622028 0.4385865473622525
2.36 0.4382325346297405 0.43823253462981565
2.37 0.43787767199485134 0.43787767199492345
2.38 0.43752197045923863 0.437521970459315
2.39 0.4371654419785367 0.4371654419786395
2.4 0.4368080994654479 0.4368080994655481
2.41 0.43644995679191284 0.4364499567920428
2.42 0.4360910287909552 0.4360910287910813
2.43 0.4357313312573081 0.4357313312574331
2.44 0.4353708809476377 0.43537088094778675
2.45 0.435009695579956 0.43500969558010605
2.46 0.43464779383207885 0.4346477938322354
2.47 0.4342851953396017 0.43428519533975374
2.48 0.4339219206929298 0.4339219206930779
2.49 0.4335579914336577 0.4335579914338167
2.5 0.43319343005021793 0.4331934300503767
2.5100000000000002 0.4328282599726391 0.4328282599728233
2.52 0.4324625055668177 0.4324625055669986
2.5300000000000002 0.4320961921277218 0.4320961921278996
2.54 0.43172934587214584 0.4317293458723226
2.5500000000000003 0.43136199393059793 0.431361993930775
2.56 0.4309941643384858 0.43099416433866344
2.57 0.43062588602658036 0.4306258860267608
2.58 0.4302571888107734 0.43025718881095937
2.59 0.4298881033811556 0.42988810338131805
2.6 0.42951866129024874 0.4295186612904093
2.61 0.42914889494081043 0.42914889494097397
2.62 0.42877883757272006 0.42877883757289326
2.63 0.42840852324931794 0.4284085232494864
2.64 0.428037986842956 0.4280379868431419
2.65 0.4276672640201119 0.42766726402029476
2.66 0.42729639122558105 0.4272963912257583
2.67 0.4269254056662476 0.42692540566642284
2.68 0.42655434529416286 0.42655434529433
2.69 0.42618324878897795 0.4261832487891383
2.7 0.42581215553982044 0.42581215553998936
2.71 0.42544110562660026 0.4254411056267884
2.72 0.42507013980072794 0.42507013980091296
2.73 0.42469929946519114 0.4246992994653622
2.74 0.4243286266541912 0.4243286266543617
2.75 0.4239581640122562 0.4239581640124382
2.7600000000000002 0.423587954772791 0.4235879547729786
2.77 0.423218042736103 0.4232180427362898
2.7800000000000002 0.42284847224696515 0.42284847224717237
2.79 0.42247928817182273 0.4224792881720275
2.8000000000000003 0.42211053587532765 0.42211053587551045
2.81 0.42174226119657177 0.42174226119674907
2.82 0.421374510424968 0.4213745104251443
2.83 0.42100733027561293 0.4210073302757682
2.84 0.4206407678642279 0.42064076786437965
2.85 0.4202748706819229 0.42027487068207303
2.86 0.41990968656944716 0.4199096865695808
2.87 0.4195452636911189 0.4195452636912449
2.88 0.41918165050855927 0.41918165050867917
2.89 0.41881889575401077 0.418818895754139
2.9 0.41845704840348863 0.4184570484036183
2.91 0.418096157649562 0.4180961576496931
2.92 0.41773627287399284 0.41773627287413045
2.93 0.4173774436201492 0.41737744362028345
2.94 0.4170197195651608 0.41701971956529005
2.95 0.4166631504919601 0.41666315049209846
2.96 0.4163077862612047 0.4163077862613348
2.97 0.41595367678291323 0.41595367678303813
2.98 0.41560087198815954 0.4156008719882781
2.99 0.41524942180056906 0.41524942180067903
3.0 0.41489937610775857 0.414899376107868
3.0100000000000002 0.4145507847327624 0.4145507847328697
3.02 0.41420369740535673 0.41420369740546525
3.0300000000000002 0.41385816373343676 0.4138581637335377
3.04 0.41351423317431574 0.4135142331744235
3.0500000000000003 0.4131719550061882 0.41317195500629017
3.06 0.412831378299453 0.41283137829955996
3.0700000000000003 0.41249255188829326 0.41249255188839984
3.08 0.41215552434216396 0.4121555243422981
3.09 0.4118203439376139 0.411820343937747
3.1 0.4114870586299268 0.4114870586300512
3.11 0.4111557160251389 0.4111557160252814
3.12 0.41082636335224276 0.41082636335239375
3.13 0.41049904743538135 0.41049904743553306
3.14 0.41017381466639835 0.41017381466653924
3.15 0.4098507109775378 0.4098507109776767
3.16 0.4095297818144479 0.40952978181460453
3.17 0.4092110721094211 0.4092110721096058
3.18 0.40889462625491496 0.4088946262550961
3.19 0.40858048807723224 0.40858048807742725
3.2 0.40826870081083233 0.4082687008110043
3.21 0.4079593070725623 0.4079593070727352
3.22 0.40765234883665336 0.4076523488368269
3.23 0.40734786740976725 0.4073478674099499
3.24 0.4070459034065914 0.40704590340678115
3.25 0.40674649672575836 0.4067464967259491
3.2600000000000002 0.40644968652620106 0.4064496865263897
3.27 0.40615551120394255 0.4061555112041347
3.2800000000000002 0.405864008369356 0.40586400836954384
3.29 0.4055752148247972 0.40557521482499775
3.3000000000000003 0.4052891665428621 0.4052891665430651
3.31 0.4050058986449558 0.4050058986451582
3.3200000000000003 0.4047254453804692 0.4047254453806918
3.33 0.4044478401065383 0.40444784010675716
3.34 0.40417311526810407 0.404173115268324
3.35 0.4039013023787519 0.40390130237898547
3.36 0.40363243200201526 0.4036324320022539
3.37 0.40336653373318376 0.40336653373342324
3.38 0.4031036361817665 0.4031036361820065
3.39 0.40284376695450197 0.40284376695475943
3.4 0.40258695263904154 0.4025869526393024
3.41 0.4023332187880925 0.40233321878834705
3.42 0.4020825899042934 0.4020825899045407
3.43 0.40183508942568846 0.4018350894259338
3.44 0.40159073971183457 0.4015907397120817
3.45 0.40134956203054206 0.4013495620307865
3.46 0.4011115765452288 0.4011115765454877
3.47 0.40087680230304157 0.4008768023033078
3.48 0.40064525722350386 0.40064525722375927
3.49 0.40041695808784517 0.4004169580881187
3.5 0.40019192052918595 0.40019192052947455
3.5100000000000002 0.39997015902315985 0.399970159023451
3.52 0.39975168687932844 0.39975168687961565
3.5300000000000002 0.39953651623328446 0.3995365162335708
3.54 0.3993246580394525 0.39932465803973566
3.5500000000000003 0.39911612206454383 0.39911612206481994
3.56 0.3989109168817243 0.3989109168819911
3.5700000000000003 0.39870904986547134 0.3987090498657384
3.58 0.39851052718715013 0.3985105271874345
3.59 0.3983153538113135 0.39831535381159444
3.6 0.3981235334925578 0.39812353349283414
3.61 0.39793506877325147 0.39793506877352647
3.62 0.397749960981879 0.3977499609821552
3.63 0.3975682102320919 0.3975682102323663
3.64 0.3973898154224418 0.3973898154227127
3.65 0.39721477423682205 0.39721477423709284
3.66 0.39704308314560743 0.3970430831458782
3.67 0.3968747374074597 0.3968747374077294
3.68 0.3967097310718468 0.39670973107209423
3.69 0.3965480569821411 0.3965480569823858
3.7 0.3963897067795894 0.3963897067798353
3.71 0.3962346709077673 0.39623467090801495
3.72 0.39608293861775923 0.3960829386180248
3.73 0.395934497974075 0.39593449797433977
3.74 0.3957893358610418 0.3957893358613071
3.75 0.39564743799000635 0.3956474379902911
3.7600000000000002 0.39550878890717656 0.3955087889074562
3.77 0.39537337200190237 0.3953733720021808
3.7800000000000002 0.3952411695158148 0.3952411695160942
3.79 0.3951121625524546 0.3951121625527298
3.8000000000000003 0.39498633108751835 0.3949863310877826
3.81 0.39486365397972023 0.39486365397996537
3.8200000000000003 0.3947441089822245 0.3947441089824521
3.83 0.39462767275467214 0.3946276727548993
3.84 0.39451432087580446 0.3945143208760352
3.85 0.3944040278565752 0.3944040278568067
3.86 0.3942967671538368 0.3942967671540726
3.87 0.3941925111845959 0.3941925111848319
3.88 0.39409123134075563 0.394091231340978
3.89 0.39399289800434256 0.3939928980045626
3.9 0.3938974805633242 0.39389748056356305
3.91 0.3938049474278964 0.3938049474281348
3.92 0.3937152660471019 0.3937152660473428
3.93 0.3936284029261041 0.3936284029263531
3.94 0.3935443236438182 0.39354432364407566
3.95 0.39346299287099085 0.3934629928712444
3.96 0.39338437438867613 0.39338437438891927
3.97 0.3933084311071585 0.39330843110739877
3.98 0.39323512508529024 0.39323512508552827
3.99 0.3931644175501625 0.39316441755039
4.0 0.39309626891711547 0.39309626891736127
4.01 0.393030638810279 0.3930306388105246
4.0200000000000005 0.392967486083176 0.3929674860834183
4.03 0.39290676883985654 0.39290676884011067
4.04 0.3928484444563103 0.3928484444565834
4.05 0.39279246960215175 0.3927924696024105
4.0600000000000005 0.39273880026246333 0.3927388002627161
4.07 0.3926873917601468 0.39268739176039724
4.08 0.39263819877834516 0.3926381987785973
4.09 0.39259117538316446 0.3925911753834123
4.1 0.3925462750465807 0.3925462750468178
4.11 0.39250345066954506 0.39250345066979947
4.12 0.39246265460539886 0.3924626546056724
4.13 0.3924238386833169 0.3924238386835737
4.14 0.39238695423185355 0.39238695423211406
4.15 0.3923519521029191 0.39235195210317175
4.16 0.39231878269554626 0.39231878269581427
4.17 0.39228739598006657 0.39228739598033224
4.18 0.3922577415221099 0.3922577415223721
4.19 0.39222976850689495 0.39222976850714814
4.2 0.3922034257634516 0.3922034257637246
4.21 0.3921786617890732 0.39217866178934724
4.22 0.3921554247735421 0.3921554247738133
4.23 0.3921336626235938 0.39213366262386407
4.24 0.39211332298733104 0.3921133229875833
4.25 0.3920943532785418 0.39209435327879005
4.26 0.3920767007011615 0.39207670070140876
4.2700000000000005 0.39206031227355403 0.3920603122738039
4.28 0.3920451348528067 0.3920451348530638
4.29 0.3920311151589552 0.39203111515921985
4.3 0.39201819979913644 0.3920181997993888
4.3100000000000005 0.3920063352915657 0.39200633529181955
4.32 0.3919954680895805 0.3919954680898376
4.33 0.39198554460539403 0.39198554460566815
4.34 0.3919765112338435 0.391976511234127
4.3500000000000005 0.391968314375897 0.39196831437616586
4.36 0.39196090046199045 0.3919609004622581
4.37 0.39195421597533764 0.3919542159756159
4.38 0.3919482074749411 0.39194820747522047
4.39 0.3919428216183791 0.3919428216186578
4.4 0.39193800518446925 0.39193800518474664
4.41 0.39193370509568365 0.39193370509594694
4.42 0.39192986844025657 0.3919298684405349
4.43 0.3919264424942607 0.3919264424945381
4.44 0.3919233747431353 0.3919233747434152
4.45 0.391920612903206 0.3919206129034712
4.46 0.391918104942733 0.3919181049429983
4.47 0.3919157991028659 0.39191579910313074
4.48 0.3919136439181355 0.39191364391840455
4.49 0.39191158823674754 0.39191158823701144
4.5 0.3919095812404792 0.39190958124073927
4.51 0.39190757246434793 0.39190757246458646
4.5200000000000005 0.39190551181582195 0.39190551181604644
4.53 0.3919033495938202 0.39190334959404705
4.54 0.39190103650731606 0.39190103650754293
4.55 0.3918985236935306 0.3918985236937482
4.5600000000000005 0.3918957627357782 0.3918957627360043
4.57 0.39189270568104784 0.39189270568127266
4.58 0.3918893050570367 0.3918893050572494
4.59 0.39188551388887705 0.3918855138890905
4.6000000000000005 0.39188128571552905 0.3918812857157423
4.61 0.39187657460565556 0.39187657460587355
4.62 0.3918713351731815 0.39187133517339856
4.63 0.3918655225923664 0.39186552259258967
4.64 0.3918590926125476 0.39185909261277085
4.65 0.3918520015723655 0.39185200157258787
4.66 0.39184420641362916 0.39184420641385176
4.67 0.3918356646947253 0.39183566469494835
4.68 0.39182633460358995 0.3918263346038115
4.69 0.39181617497023846 0.391816174970456
4.7 0.39180514527884314 0.3918051452790644
4.71 0.391793205679406 0.3917932056796277
4.72 0.39178031699891314 0.39178031699913324
4.73 0.39176644075207595 0.39176644075229855
4.74 0.3917515391516274 0.39175153915185057
4.75 0.391735575118109 0.3917355751183438
4.76 0.39171851228926824 0.3917185122895184
4.7700000000000005 0.3917003150289475 0.3917003150291951
4.78 0.39168094843546064 0.39168094843570833
4.79 0.39166037834962997 0.39166037834987033
4.8 0.3916385713622464 0.39163857136247227
4.8100000000000005 0.39161549482108265 0.39161549482131713
4.82 0.39159111683756587 0.391591116837786
4.83 0.39156540629272213 0.3915654062929368
4.84 0.3915383328429261 0.39153833284313566
4.8500000000000005 0.3915098669250135 0.3915098669252227
4.86 0.391479979761002 0.3914799797612106
4.87 0.391448643362305 0.3914486433625182
4.88 0.39141583053353945 0.3914158305337416
4.89 0.3913815148757577 0.3913815148759605
4.9 0.39134567078938787 0.39134567078958515
4.91 0.39130827347653546 0.3913082734767439
4.92 0.39126929894300466 0.39126929894321427
4.93 0.3912287239996903 0.39122872399989783
4.94 0.3911865262636377 0.39118652626384537
4.95 0.3911426841586344 0.3911426841588313
4.96 0.39109717691528345 0.3910971769154816
4.97 0.39104998457076184 0.3910499845709603
4.98 0.3910010879680155 0.3910010879682142
4.99 0.39095046875459777 0.3909504687547836
5.0 0.3908981093809888 0.3908981093811793
