0.0 2.5 2.5
0.05 2.4997191065262876 2.499719106526291
0.1 2.498880689588946 2.498880689588944
0.15000000000000002 2.497497428924162 2.4974974289241594
0.2 2.495590091612525 2.4955900916125286
0.25 2.4931869945896166 2.493186994589625
0.30000000000000004 2.4903232742643344 2.490323274264342
0.35000000000000003 2.487039984526843 2.4870399845268527
0.4 2.4833830493646656 2.4833830493646785
0.45 2.4794021004340783 2.4794021004340925
0.5 2.4751492331300744 2.4751492331300877
0.55 2.4706777168653273 2.470677716865341
0.6000000000000001 2.4660406963440407 2.466040696344053
0.65 2.4612899205717707 2.4612899205717733
0.7000000000000001 2.4564745351840953 2.4564745351841015
0.75 2.4516399714474746 2.4516399714474773
0.8 2.4468269620596654 2.446826962059668
0.8500000000000001 2.442070709762425 2.4420707097624326
0.9 2.437400229908431 2.4374002299084276
0.9500000000000001 2.432837882655624 2.432837882655625
1.0 2.4283991045706177 2.4283991045706195
1.05 2.4240923432943986 2.424092343294397
1.1 2.419919192754097 2.4199191927540857
1.1500000000000001 2.4158747203854194 2.4158747203854074
1.2000000000000002 2.411947972150271 2.411947972150263
1.25 2.408122635967393 2.408122635967384
1.3 2.404377839678591 2.40437783967858
1.35 2.4006890559837175 2.40068905598371
1.4000000000000001 2.3970290840021344 2.3970290840021313
1.4500000000000002 2.3933690753349692 2.393369075334963
1.5 2.3896795717567523 2.389679571756756
1.55 2.3859315219691046 2.3859315219691073
1.6 2.3820972461809222 2.382097246180926
1.6500000000000001 2.3781513195860255 2.378151319586024
1.7000000000000002 2.374071349003728 2.3740713490037235
1.75 2.369838620919343 2.369838620919339
1.8 2.3654386037724544 2.3654386037724455
1.85 2.360861292435936 2.3608612924359256
1.9000000000000001 2.35610138823824 2.3561013882382267
1.9500000000000002 2.3511583134268284 2.3511583134268177
2.0 2.3460360644717317 2.346036064471716
2.0500000000000003 2.340742913886554 2.340742913886534
2.1 2.3352909751322035 2.3352909751321755
2.15 2.3296956495106103 2.329695649510586
2.2 2.3239749776177407 2.3239749776177083
2.25 2.318148920793967 2.3181489207939405
2.3000000000000003 2.312238600001761 2.3122386000017316
2.35 2.306265520617422 2.306265520617386
2.4000000000000004 2.3002508117223406 2.300250811722304
2.45 2.2942145076236606 2.2942145076236216
2.5 2.2881748975621257 2.288174897562087
2.5500000000000003 2.282147966942003 2.2821479669419644
2.6 2.276146950036365 2.2761469500363263
2.6500000000000004 2.2701820100978174 2.270182010097793
2.7 2.2642600582753825 2.2642600582753536
2.75 2.2583847178536036 2.258384717853579
2.8000000000000003 2.252556435252352 2.252556435252335
2.85 2.2467727341190815 2.2467727341190566
2.9000000000000004 2.241028603877358 2.241028603877331
2.95 2.2353170094245494 2.2353170094245223
3.0 2.229629504446564 2.229629504446531
3.0500000000000003 2.2239569271730426 2.223956927173006
3.1 2.218290154445379 2.2182901544453415
3.1500000000000004 2.212620887803892 2.2126208878038494
3.2 2.2069424439851684 2.2069424439851284
3.25 2.201250521794077 2.2012505217940377
3.3000000000000003 2.195543917787006 2.1955439177869596
3.35 2.189825164555817 2.189825164555768
3.4000000000000004 2.184101067589627 2.184101067589578
3.45 2.178383119642534 2.1783831196424956
3.5 2.1726877751558242 2.172687775155785
3.5500000000000003 2.16703657145763 2.1670365714575954
3.6 2.1614560880619997 2.1614560880619527
3.6500000000000004 2.155977740268505 2.1559777402684537
3.7 2.1506374082748647 2.1506374082748216
3.75 2.145474908003347 2.145474908003306
3.8000000000000003 2.1405333146578847 2.140533314657835
3.85 2.135858154527562 2.1358581545275026
3.9000000000000004 2.1314964845998037 2.131496484599741
3.95 2.1274958830247477 2.1274958830246886
4.0 2.1239033762802806 2.123903376280227
4.05 2.1207643309453985 2.1207643309453488
4.1000000000000005 2.118121339241572 2.1181213392415206
4.15 2.1160131279157657 2.116013127915707
4.2 2.1144735196080244 2.114473519607968
4.25 2.1135304745894916 2.113530474589427
4.3 2.1132052387155573 2.113205238715493
4.3500000000000005 2.113511620679589 2.1135116206795233
4.4 2.1144554182591686 2.1144554182590967
4.45 2.11603400932373 2.116034009323656
4.5 2.1182361190356 2.1182361190355214
4.55 2.121041770053951 2.121041770053873
4.6000000000000005 2.1244224177775566 2.12442241777748
4.65 2.12834126787359 2.1283412678735116
4.7 2.132753768672105 2.1327537686720235
4.75 2.1376082665885203 2.137608266588445
4.800000000000001 2.142846808690338 2.1428468086902654
4.8500000000000005 2.1484060729572474 2.148406072957177
4.9 2.1542184037886787 2.1542184037886143
4.95 2.1602129279635873 2.160212927963527
5.0 2.166316724608911 2.16631672460885
5.050000000000001 2.172456021819162 2.172456021819098
5.1000000000000005 2.178557392401582 2.178557392401518
5.15 2.184548921789437 2.1845489217893745
5.2 2.1903613224394607 2.1903613224393994
5.25 2.1959289709576253 2.195928970957567
5.300000000000001 2.2011908467119237 2.201190846711867
5.3500000000000005 2.2060913537077935 2.2060913537077393
5.4 2.2105810109250426 2.210581010924987
5.45 2.214617000038148 2.214617000038091
5.5 2.218163563352938 2.218163563352887
5.550000000000001 2.221192248776415 2.2211922487763642
5.6000000000000005 2.223682002578841 2.223682002578789
5.65 2.2256191144982163 2.2256191144981714
5.7 2.22699702327352 2.226997023273476
5.75 2.2278159938822384 2.2278159938821966
5.800000000000001 2.228082680520131 2.228082680520088
5.8500000000000005 2.22780959163079 2.2278095916307454
5.9 2.22701447502181 2.227014475021761
5.95 2.225719642261103 2.225719642261054
6.0 2.2239512521184768 2.2239512521184315
6.050000000000001 2.221738572808201 2.221738572808169
6.1000000000000005 2.2191132422203843 2.219113242220359
6.15 2.216108544239985 2.2161085442399613
6.2 2.212758717695727 2.212758717695708
6.25 2.209098312521193 2.2090983125211756
6.300000000000001 2.2051616054228527 2.2051616054228456
6.3500000000000005 2.20098208481754 2.200982084817531
6.4 2.1965920121115614 2.1965920121115547
6.45 2.19202206363577 2.192022063635755
6.5 2.187301054812116 2.187301054812102
6.550000000000001 2.182455745493624 2.182455745493609
6.6000000000000005 2.1775107229675843 2.1775107229675745
6.65 2.1724883569123157 2.172488356912301
6.7 2.1674088187082146 2.1674088187081937
6.75 2.162290155972311 2.162290155972299
6.800000000000001 2.157148412044506 2.157148412044491
6.8500000000000005 2.151997779423303 2.151997779423284
6.9 2.1468507758355213 2.1468507758355013
6.95 2.1417184317186573 2.141718431718641
7.0 2.1366104783768645 2.1366104783768485
7.050000000000001 2.131535526908307 2.1315355269082934
7.1000000000000005 2.1265012291501004 2.1265012291500818
7.15 2.1215144132953325 2.1215144132953148
7.2 2.116581188447143 2.116581188447124
7.25 2.111707014124067 2.111707014124041
7.300000000000001 2.1068967325552106 2.1068967325551875
7.3500000000000005 2.1021545634378445 2.102154563437819
7.4 2.0974840626112683 2.0974840626112434
7.45 2.09288804777171 2.0928880477716922
7.5 2.088368495859899 2.0883684958598643
7.550000000000001 2.0839264180514268 2.0839264180513912
7.6000000000000005 2.079561719333793 2.0795617193337548
7.65 2.0752730504339105 2.075273050433872
7.7 2.071057660351089 2.0710576603510433
7.75 2.0669112579426985 2.066911257942656
7.800000000000001 2.062827890906905 2.0628278909068594
7.8500000000000005 2.0587998501187403 2.058799850118694
7.9 2.054817606623247 2.0548176066231987
7.95 2.050869787697901 2.050869787697847
8.0 2.0469431972999583 2.046943197299906
8.05 2.043022884949881 2.0430228849498246
8.1 2.0390922657102286 2.0390922657101687
8.15 2.035133292443989 2.0351332924439336
8.200000000000001 2.031126680019393 2.031126680019331
8.25 2.027052179612948 2.0270521796128875
8.3 2.022888899789409 2.0228888997893484
8.35 2.0186156696428954 2.018615669642839
8.4 2.014211438002678 2.014211438002624
8.450000000000001 2.0096557015679624 2.0096557015679
8.5 2.004928953863602 2.004928953863532
8.55 2.000013146121953 2.0000131461218813
8.6 1.9948921506090453 1.9948921506089696
8.65 1.9895522165353028 1.9895522165352224
8.700000000000001 1.9839824085265836 1.9839824085265017
8.75 1.9781750176799422 1.9781750176798605
8.8 1.9721259354867555 1.9721259354866643
8.85 1.9658349813659188 1.96583498136583
8.9 1.9593061752015717 1.9593061752014855
8.950000000000001 1.9525479471094305 1.9525479471093503
9.0 1.945573277649295 1.9455732776492147
9.05 1.938399762840227 1.9383997628401466
9.1 1.9310495996018768 1.9310495996017987
9.15 1.923549488619618 1.9235494886195375
9.200000000000001 1.9159304530921548 1.9159304530920656
9.25 1.9082275733455467 1.9082275733454623
9.3 1.9004796388642688 1.9004796388641798
9.35 1.892728720873224 1.8927287208731363
9.4 1.8850196701808053 1.8850196701807198
9.450000000000001 1.8773995465343907 1.8773995465343034
9.5 1.869916987221117 1.8699169872210342
9.55 1.8626215240401098 1.862621524040026
9.600000000000001 1.8555628590502216 1.8555628590501427
9.65 1.8487901106329125 1.8487901106328288
9.700000000000001 1.8423510423752094 1.8423510423751237
9.75 1.8362912880483693 1.8362912880482773
9.8 1.830653586508344 1.8306535865082647
9.850000000000001 1.8254770406545802 1.8254770406544918
9.9 1.8207964146338713 1.8207964146337816
9.950000000000001 1.8166414832541196 1.8166414832540296
10.0 1.813036447066403 1.8130364470663136
10.05 1.809999425781715 1.8099994257816228
10.100000000000001 1.8075420416109567 1.8075420416108634
10.15 1.805669102763218 1.8056691027631184
10.200000000000001 1.804378395722885 1.8043783957227875
10.25 1.803660593074051 1.8036605930739513
10.3 1.8034992815797635 1.8034992815796667
10.350000000000001 1.8038711129913867 1.8038711129912877
10.4 1.8047460777008708 1.8047460777007684
10.450000000000001 1.8060878989052063 1.806087898905101
10.5 1.807854542479004 1.8078545424789085
10.55 1.8099988353042282 1.8099988353041323
10.600000000000001 1.812469182442244 1.8124691824421448
10.65 1.8152103713111494 1.8152103713110526
10.700000000000001 1.818164449006141 1.8181644490060416
10.75 1.821271657126856 1.8212716571267613
10.8 1.8244714070023749 1.8244714070022812
10.850000000000001 1.8277032770742205 1.8277032770741202
10.9 1.830908013447143 1.8309080134470472
10.950000000000001 1.8340285142729575 1.834028514272866
11.0 1.8370107787117023 1.8370107787116141
11.05 1.8398048017246964 1.8398048017246031
11.100000000000001 1.842365396890529 1.8423653968904403
11.15 1.8446529307837887 1.8446529307836956
11.200000000000001 1.846633954190367 1.8466339541902688
11.25 1.8482817175174988 1.8482817175174
11.3 1.8495765601438345 1.8495765601437328
11.350000000000001 1.8505061660915931 1.8505061660914843
11.4 1.8510656812269786 1.851065681226864
11.450000000000001 1.8512576901396143 1.8512576901394997
11.5 1.8510920538458508 1.8510920538457367
11.55 1.8505856124317597 1.85058561243165
11.600000000000001 1.8497617596269416 1.849761759626832
11.65 1.8486498990092513 1.8486498990091356
11.700000000000001 1.8472847940171166 1.8472847940170039
11.75 1.8457058261296786 1.8457058261295747
11.8 1.8439561774124449 1.8439561774123425
11.850000000000001 1.8420819550740797 1.8420819550739735
11.9 1.8401312767044948 1.8401312767043834
11.950000000000001 1.838153335443001 1.8381533354428865
12.0 1.8361974644474826 1.8361974644473666
12.05 1.834312219702555 1.8343122197024386
12.100000000000001 1.8325444994297504 1.8325444994296354
12.15 1.8309387171707034 1.8309387171705782
12.200000000000001 1.8295360440404822 1.8295360440403627
12.25 1.828373733738574 1.8283737337384554
12.3 1.8274845417119399 1.827484541711817
12.350000000000001 1.8268962474505694 1.8268962474504409
12.4 1.8266312863249519 1.8266312863248282
12.450000000000001 1.8267064947173544 1.8267064947172327
12.5 1.8271329695242478 1.8271329695241216
12.55 1.8279160404864514 1.8279160404863202
12.600000000000001 1.8290553513030046 1.829055351302879
12.65 1.830545043167982 1.8305450431678543
12.700000000000001 1.8323740322928646 1.8323740322927322
12.75 1.834526371190527 1.834526371190392
12.8 1.8369816820395606 1.8369816820394291
12.850000000000001 1.8397156493507558 1.8397156493506333
12.9 1.842700558439947 1.8427005584398235
12.950000000000001 1.8459058658814937 1.8459058658813845
13.0 1.8492987881715375 1.8492987881714247
13.05 1.8528448952545113 1.8528448952544125
13.100000000000001 1.8565086963374053 1.856508696337301
13.15 1.86025420649613 1.8602542064960264
13.200000000000001 1.8640454839273126 1.8640454839272116
13.25 1.8678471292626138 1.867847129262512
13.3 1.8716247400876513 1.8716247400875532
13.350000000000001 1.875345315631825 1.8753453156317241
13.4 1.8789776084566838 1.8789776084565861
13.450000000000001 1.8824924218069077 1.8824924218068164
13.5 1.8858628530378223 1.8858628530377413
13.55 1.8890644851408873 1.8890644851408167
13.600000000000001 1.8920755298013971 1.8920755298013225
13.65 1.894876926597534 1.894876926597459
13.700000000000001 1.897452403851393 1.897452403851318
13.75 1.8997885072448233 1.8997885072447478
13.8 1.9018746026024018 1.9018746026023168
13.850000000000001 1.9037028592163467 1.903702859216259
13.9 1.9052682197529343 1.9052682197528439
13.950000000000001 1.9065683621558804 1.9065683621557898
14.0 1.9076036580808235 1.9076036580807365
14.05 1.9083771312958828 1.9083771312958
14.100000000000001 1.9088944182159262 1.9088944182158474
14.15 1.9091637313585519 1.9091637313584842
14.200000000000001 1.909195825078934 1.9091958250788628
14.25 1.9090039615225876 1.9090039615225218
14.3 1.9086038733957311 1.90860387339566
14.350000000000001 1.9080137189539592 1.9080137189538915
14.4 1.9072540236134614 1.9072540236133904
14.450000000000001 1.906347601845983 1.9063476018459098
14.5 1.9053194525769315 1.9053194525768604
14.55 1.904196621198777 1.9041966211987014
14.600000000000001 1.9030080215639718 1.9030080215639087
14.65 1.9017842119434736 1.901784211943398
14.700000000000001 1.9005571199245619 1.9005571199244857
14.75 1.8993597125599666 1.8993597125598884
14.8 1.8982256097350638 1.8982256097349786
14.850000000000001 1.897188640649663 1.897188640649579
14.9 1.8962823454564117 1.8962823454563245
14.950000000000001 1.8955394263922387 1.8955394263921488
15.0 1.8949911551063847 1.894991155106294
15.05 1.8946667452443586 1.89466674524426
15.100000000000001 1.8945927016057706 1.8945927016056627
15.15 1.8947921592669825 1.8947921592668713
15.200000000000001 1.8952842278612785 1.8952842278611663
15.25 1.8960833576589509 1.8960833576588374
15.3 1.8971987451148948 1.8971987451147845
15.350000000000001 1.8986337960896853 1.898633796089578
15.4 1.9003856649533946 1.900385664953286
15.450000000000001 1.9024448872166553 1.9024448872165465
15.5 1.9047951221846275 1.9047951221845238
15.55 1.9074130203994963 1.9074130203993889
15.600000000000001 1.910268228347404 1.9102682283473
15.65 1.9133235400977329 1.9133235400976274
15.700000000000001 1.9165352022746218 1.9165352022745183
15.75 1.919853375110732 1.9198533751106268
15.8 1.9232227483919906 1.92322274839188
15.850000000000001 1.9265833069758713 1.926583306975756
15.9 1.9298712363689685 1.929871236368847
15.950000000000001 1.9330199547049252 1.9330199547048048
16.0 1.9359612534963333 1.9359612534962127
16.05 1.93862652586862 1.9386265258684963
16.1 1.9409480577407097 1.9409480577405853
16.150000000000002 1.9428603547077126 1.9428603547075864
16.2 1.9443014753047183 1.944301475304591
16.25 1.9452143399719586 1.9452143399718285
16.3 1.9455479844647954 1.9455479844646657
16.35 1.9452587267015193 1.9452587267013879
16.400000000000002 1.9443112171377983 1.9443112171376609
16.45 1.9426793446952952 1.9426793446951498
16.5 1.9403469730240464 1.9403469730238951
16.55 1.9373084853898996 1.9373084853897533
16.6 1.9335691206719643 1.9335691206718166
16.650000000000002 1.929145087730411 1.9291450877302678
16.7 1.924063450643493 1.924063450643349
16.75 1.9183617828772133 1.9183617828770672
16.8 1.9120875941944988 1.912087594194355
16.85 1.9052975398748944 1.9052975398747476
16.900000000000002 1.8980564274402512 1.898056427440108
16.95 1.89043604140646 1.8904360414063166
17.0 1.8825138114508937 1.882513811450755
17.05 1.874371353656518 1.8743713536563826
17.1 1.8660929180363222 1.8660929180361874
17.150000000000002 1.857763778246314 1.8577637782461798
17.2 1.8494686011735215 1.8494686011733852
17.25 1.8412898348752227 1.8412898348750848
17.3 1.8333061531129458 1.8333061531128096
17.35 1.8255909934639203 1.825590993463789
17.400000000000002 1.8182112237289765 1.8182112237288472
17.45 1.8112259681428435 1.8112259681427112
17.5 1.8046856208131548 1.8046856208130246
17.55 1.7986310689761509 1.7986310689760154
17.6 1.7930931431912747 1.793093143191148
17.650000000000002 1.7880923056551312 1.7880923056550093
17.7 1.783638581561795 1.7836385815616769
17.75 1.779731732049048 1.7797317320489343
17.8 1.7763616609281168 1.776361660928002
17.85 1.773509041279444 1.7735090412793295
17.900000000000002 1.7711461422837353 1.771146142283627
17.95 1.7692378315093173 1.7692378315092105
18.0 1.767742723442074 1.767742723441958
18.05 1.7666144414498053 1.7666144414496903
18.1 1.7658029577216992 1.7658029577215941
18.150000000000002 1.7652559740904001 1.7652559740902953
18.2 1.76492030607462 1.7649203060745156
18.25 1.7647432329873296 1.7647432329872235
18.3 1.7646737785198239 1.7646737785197166
18.35 1.7646638887856785 1.764663888785563
18.400000000000002 1.7646694783103851 1.7646694783102763
18.45 1.764651318774841 1.7646513187747321
18.5 1.764575750330767 1.7645757503306592
18.55 1.7644152008522864 1.7644152008521699
18.6 1.7641485043998588 1.7641485043997382
18.650000000000002 1.7637610162731399 1.7637610162730146
18.7 1.7632445281319198 1.763244528131788
18.75 1.762596992586619 1.7625969925864855
18.8 1.76182207222255 1.761822072222418
18.85 1.76092853305975 1.7609285330596196
18.900000000000002 1.7599295068123535 1.7599295068122247
18.95 1.7588416498698756 1.7588416498697488
19.0 1.7576842295738029 1.7576842295736759
19.05 1.7564781700316707 1.7564781700315448
19.1 1.755245090352817 1.7552450903526928
19.150000000000002 1.7540063677927245 1.7540063677925946
19.200000000000003 1.7527822568760854 1.7527822568759535
19.25 1.751591093184199 1.7515910931840726
19.3 1.7504486072206888 1.7504486072205556
19.35 1.7493673697202738 1.7493673697201422
19.400000000000002 1.7483563850710615 1.7483563850709265
19.450000000000003 1.7474208443330115 1.7474208443328738
19.5 1.746562043822663 1.7465620438225222
19.55 1.7457774695725807 1.7457774695724346
19.6 1.7450610423449933 1.745061042344846
19.650000000000002 1.744403512462101 1.744403512461966
19.700000000000003 1.7437929886825865 1.7437929886824564
19.75 1.7432155808645513 1.7432155808644105
19.8 1.7426561323516427 1.742656132351501
19.85 1.7420990150210467 1.7420990150209
19.900000000000002 1.7415289578330357 1.741528957832891
19.950000000000003 1.7409318785883414 1.740931878588195
20.0 1.7402956884647214 1.7402956884645675
20.05 1.739611039771844 1.7396110397716888
20.1 1.7388719892040403 1.7388719892038997
20.150000000000002 1.738076551624122 1.7380765516239807
20.200000000000003 1.7372271229889253 1.7372271229887886
20.25 1.7363307553146408 1.7363307553144987
20.3 1.7353992714379365 1.735399271437789
20.35 1.7344492126041535 1.7344492126039992
20.400000000000002 1.7335016174357984 1.7335016174356437
20.450000000000003 1.7325816364278923 1.7325816364277355
20.5 1.7317179916019143 1.731717991601759
20.55 1.730942296152235 1.7309422961520777
20.6 1.7302882536707132 1.730288253670558
20.650000000000002 1.7297907606849972 1.7297907606848362
20.700000000000003 1.7294849396595044 1.7294849396593461
20.75 1.7294051321753197 1.7294051321751633
20.8 1.7295838836417388 1.7295838836415793
20.85 1.7300509515437046 1.7300509515435445
20.900000000000002 1.730832368871603 1.7308323688714435
20.950000000000003 1.7319495930205406 1.7319495930203817
21.0 1.7334187681248823 1.7334187681247208
21.05 1.735250125579129 1.7352501255789754
21.1 1.7374475434861247 1.7374475434859746
21.150000000000002 1.740008281089615 1.7400082810894628
21.200000000000003 1.7429228990348136 1.7429228990346555
21.25 1.7461753707168968 1.7461753707167402
21.3 1.7497433841960435 1.749743384195892
21.35 1.7535988283564075 1.7535988283562596
21.400000000000002 1.7577084513448167 1.7577084513446697
21.450000000000003 1.762034674017034 1.7620346740168833
21.5 1.7665365363095662 1.766536536309411
21.55 1.7711707502920349 1.7711707502918825
21.6 1.7758928302684005 1.7758928302682526
21.650000000000002 1.7806582677898621 1.7806582677897083
21.700000000000003 1.7854237178962236 1.7854237178960726
21.75 1.7901481623648938 1.7901481623647448
21.8 1.7947940162340665 1.7947940162339102
21.85 1.7993281453663048 1.7993281453661583
21.900000000000002 1.803722765284728 1.8037227652845917
21.950000000000003 1.807956194871604 1.8079561948714664
22.0 1.8120134426670638 1.8120134426669123
22.05 1.8158866083168712 1.8158866083167275
22.1 1.819575087047164 1.8195750870470118
22.150000000000002 1.823085570728023 1.8230855707278648
22.200000000000003 1.8264318449562142 1.826431844956056
22.25 1.829634387460414 1.8296343874602432
22.3 1.8327197788350635 1.8327197788348963
22.35 1.8357199419694752 1.8357199419692969
22.400000000000002 1.838671231396658 1.8386712313964775
22.450000000000003 1.8416133979996239 1.8416133979994485
22.5 1.8445884579561989 1.8445884579560219
22.55 1.8476394973799324 1.847639497379747
22.6 1.8508094457520619 1.8508094457518727
22.650000000000002 1.8541398518953416 1.8541398518951517
22.700000000000003 1.857669695904139 1.8576696959039485
22.75 1.8614342691346848 1.8614342691344983
22.8 1.8654641521242832 1.8654641521241053
22.85 1.8697843172252773 1.869784317225106
22.900000000000002 1.8744133789109467 1.8744133789107806
22.950000000000003 1.8793630102611318 1.879363010260967
23.0 1.8846375392067842 1.8846375392066155
23.05 1.8902337328605998 1.8902337328604313
23.1 1.8961407728487814 1.896140772848617
23.150000000000002 1.9023404191528908 1.9023404191527202
23.200000000000003 1.9088073547344009 1.9088073547342295
23.25 1.9155096983042574 1.9155096983040845
23.3 1.922409668158399 1.9224096681582266
23.35 1.9294643761544163 1.9294643761542511
23.400000000000002 1.9366267277598914 1.9366267277597218
23.450000000000003 1.943846401740779 1.9438464017406116
23.5 1.9510708815341529 1.9510708815339957
23.55 1.9582465096908577 1.9582465096907011
23.6 1.9653195369808603 1.965319536980693
23.650000000000002 1.9722371387985356 1.9722371387983777
23.700000000000003 1.9789483733336417 1.9789483733334836
23.75 1.9854050585078975 1.985405058507731
23.8 1.9915625478191075 1.991562547818945
23.85 1.9973803888680766 1.9973803888679076
23.900000000000002 2.002822852339489 2.002822852339314
23.950000000000003 2.007859323430101 2.0078593234299182
24.0 2.012464552023598 2.0124645520234075
24.05 2.016618762163191 2.0166187621629983
24.1 2.020307625434988 2.020307625434796
24.150000000000002 2.0235221066248665 2.023522106624678
24.200000000000003 2.0262581933383452 2.0262581933381463
24.25 2.0285165240850884 2.028516524084894
24.3 2.0303019315555875 2.0303019315553903
24.35 2.031622919406158 2.031622919405951
24.400000000000002 2.03249109179496 2.032491091794748
24.450000000000003 2.0329205551718035 2.0329205551715943
24.5 2.032927311438533 2.0329273114383226
24.55 2.032528660606916 2.0325286606066997
24.6 2.0317426295477663 2.031742629547555
24.650000000000002 2.030587441426747 2.0305874414265426
24.700000000000003 2.0290810380504016 2.0290810380501973
24.75 2.027240664702008 2.0272406647017975
24.8 2.0250825242376136 2.025082524237396
24.85 2.0226215043473106 2.0226215043470814
24.900000000000002 2.0198709790723255 2.0198709790720994
24.950000000000003 2.0168426830050015 2.0168426830047848
25.0 2.0135466541776292 2.0135466541774107
25.05 2.009991239545549 2.0099912395453243
25.1 2.006183155252995 2.0061831552527725
25.150000000000002 2.0021275925824793 2.002127592582252
25.200000000000003 1.997828359658116 1.9978283596578885
25.25 1.9932880486088527 1.9932880486086226
25.3 1.988508217988877 1.9885082179886386
25.35 1.9834895807728725 1.98348958077263
25.400000000000002 1.9782321891493995 1.9782321891491526
25.450000000000003 1.9727356085692072 1.9727356085689536
25.5 1.9669990749990567 1.9669990749988067
25.55 1.9610216310080038 1.9610216310077522
25.6 1.9548022380914625 1.9548022380912087
25.650000000000002 1.9483398644353933 1.94833986443513
25.700000000000003 1.9416335490571175 1.941633549056861
25.75 1.9346824448547988 1.9346824448545474
25.8 1.9274858444855913 1.9274858444853327
25.85 1.9200431941155487 1.9200431941152902
25.900000000000002 1.9123541008967933 1.9123541008965361
25.950000000000003 1.9044183404978883 1.9044183404976247
26.0 1.8962358711258887 1.8962358711256289
26.05 1.8878068602320799 1.8878068602318203
26.1 1.8791317295021361 1.879131729501874
26.150000000000002 1.8702112228241505 1.8702112228238912
26.200000000000003 1.8610465007461217 1.8610465007458619
26.25 1.851639263530325 1.8516392635300751
26.3 1.841991903347446 1.8419919033471976
26.35 1.8321076844953308 1.832107684495083
26.400000000000002 1.8219909488477675 1.8219909488475148
26.450000000000003 1.8116473421087025 1.811647342108451
26.5 1.8010840549375544 1.8010840549373
26.55 1.7903100716859108 1.7903100716856635
26.6 1.7793364184034686 1.7793364184032223
26.650000000000002 1.7681764009793175 1.768176400979082
26.700000000000003 1.7568458238217992 1.7568458238215654
26.75 1.7453631793700557 1.7453631793698274
26.8 1.7337497989861257 1.7337497989859045
26.85 1.7220299563947137 1.7220299563945014
26.900000000000002 1.710230915804486 1.7102309158042752
26.950000000000003 1.698382918131651 1.6983829181314412
27.0 1.6865191003135156 1.6865191003133115
27.05 1.6746753444979348 1.6746753444977336
27.1 1.6628900558650672 1.6628900558648714
27.150000000000002 1.651203869917339 1.6512038699171452
27.200000000000003 1.6396592921928947 1.6396592921927007
27.25 1.6283002754483797 1.6283002754481921
27.3 1.6171717413490114 1.617171741348833
27.35 1.6063190555323963 1.6063190555322149
27.400000000000002 1.595787466517175 1.5957874665169927
27.450000000000003 1.5856215202550676 1.58562152025489
27.5 1.5758644631315009 1.575864463131319
27.55 1.5665576468721238 1.5665576468719353
27.6 1.5577399490878625 1.557739949087675
27.650000000000002 1.5494472230792076 1.5494472230790284
27.700000000000003 1.5417117900230846 1.541711790022907
27.75 1.5345619857964334 1.5345619857962571
27.8 1.5280217734747659 1.5280217734745882
27.85 1.5221104310162703 1.522110431016102
27.900000000000002 1.516842321847562 1.5168423218473932
27.950000000000003 1.5122267540573435 1.5122267540571777
28.0 1.508267931738112 1.5082679317379486
28.05 1.5049649997537502 1.504964999753589
28.1 1.502312180918562 1.5023121809184063
28.150000000000002 1.5002990023134144 1.500299002313254
28.200000000000003 1.4989106053002517 1.4989106053000976
28.25 1.4981281317857456 1.4981281317855957
28.3 1.4979291774811674 1.4979291774810162
28.35 1.4982883013553432 1.4982883013551924
28.400000000000002 1.4991775792190372 1.4991775792188866
28.450000000000003 1.500567188441166 1.5005671884410106
28.5 1.5024260102002445 1.5024260102000901
28.55 1.5047222354273608 1.5047222354272045
28.6 1.5074239606997661 1.5074239606996032
28.650000000000002 1.510499760786919 1.510499760786749
28.700000000000003 1.5139192253140457 1.5139192253138702
28.75 1.5176534480647113 1.5176534480645385
28.8 1.5216754587588446 1.521675458758673
28.85 1.5259605886752743 1.5259605886751029
28.900000000000002 1.5304867631930075 1.5304867631928363
28.950000000000003 1.5352347161545752 1.5352347161544027
29.0 1.5401881228579044 1.5401881228577285
29.05 1.5453336504101656 1.5453336504099804
29.1 1.5506609260791022 1.5506609260789128
29.150000000000002 1.5561624261085036 1.5561624261083153
29.200000000000003 1.561833289182446 1.561833289182264
29.25 1.5676710602907646 1.5676710602905766
29.3 1.5736753721343995 1.5736753721342058
29.35 1.5798475723890624 1.5798475723888779
29.400000000000002 1.5861903061004772 1.5861903061002955
29.450000000000003 1.5927070632036608 1.592707063203476
29.5 1.5994017016374755 1.599401701637292
29.55 1.606277956766254 1.6062779567660779
29.6 1.6133389478307716 1.6133389478305926
29.650000000000002 1.620586691944568 1.6205866919443963
29.700000000000003 1.6280216357470365 1.6280216357468609
29.75 1.6356422142421683 1.6356422142420015
29.8 1.6434444456170714 1.6434444456169077
29.85 1.651421569971263 1.651421569971096
29.900000000000002 1.6595637389242004 1.6595637389240343
29.950000000000003 1.66785776202927 1.6678577620291013
30.0 1.6762869148326751 1.6762869148325064
30.05 1.6848308122987463 1.6848308122985756
30.1 1.6934653501983385 1.693465350198169
30.150000000000002 1.7021627159432613 1.7021627159430894
30.200000000000003 1.710891469260206 1.7108914692600306
30.25 1.719616692044963 1.719616692044796
30.3 1.7283002057295151 1.7283002057293468
30.35 1.7369008535366484 1.7369008535364798
30.400000000000002 1.7453748440933152 1.7453748440931378
30.450000000000003 1.7536761520253905 1.7536761520252124
30.5 1.7617569703646907 1.7617569703645124
30.55 1.7695682088632536 1.7695682088630762
30.6 1.7770600316308256 1.7770600316306473
30.650000000000002 1.7841824268898616 1.7841824268896869
30.700000000000003 1.7908858010807789 1.7908858010806
30.75 1.7971215890525483 1.7971215890523644
30.8 1.8028428716463485 1.802842871646161
30.85 1.8080049916308019 1.8080049916306065
30.900000000000002 1.812566158687023 1.8125661586868247
30.950000000000003 1.8164880339819942 1.8164880339817935
31.0 1.8197362848235341 1.8197362848233296
31.05 1.8222810999734815 1.822281099973271
31.1 1.8240976564220448 1.8240976564218394
31.150000000000002 1.8251665288092338 1.8251665288090173
31.200000000000003 1.8254740332301866 1.8254740332299622
31.25 1.8250124978901074 1.8250124978898725
31.3 1.8237804539849303 1.823780453984693
31.35 1.8217827412784597 1.8217827412782235
31.400000000000002 1.819030524118873 1.8190305241186326
31.450000000000003 1.815541215077682 1.8155412150774426
31.5 1.8113383049844503 1.8113383049842102
31.55 1.806451099846909 1.806451099846667
31.6 1.8009143669585161 1.8009143669582786
31.650000000000002 1.7947678943666792 1.794767894366434
31.700000000000003 1.788055969763226 1.7880559697629859
31.75 1.780826786717542 1.7808267867173004
31.8 1.7731317879517208 1.773131787951478
31.85 1.76502495700527 1.7650249570050351
31.900000000000002 1.7565620711017307 1.7565620711014966
31.950000000000003 1.747799929261009 1.747799929260772
32.0 1.7387955706528582 1.7387955706526332
32.050000000000004 1.7296054988165364 1.7296054988163094
32.1 1.7202849276452383 1.72028492764501
32.15 1.7108870649258257 1.71088706492561
32.2 1.701462448718143 1.7014624487179217
32.25 1.6920583509496119 1.6920583509493894
32.300000000000004 1.6827182612977216 1.6827182612974934
32.35 1.673481462753462 1.673481462753231
32.4 1.6643827082361464 1.6643827082359117
32.45 1.6554520053069381 1.6554520053067079
32.5 1.6467145134597394 1.6467145134595094
32.550000000000004 1.6381905557174896 1.6381905557172523
32.6 1.629895743401815 1.6298957434015828
32.65 1.62184121005189 1.621841210051652
32.7 1.6140339476250438 1.6140339476248122
32.75 1.6064772354010155 1.6064772354007881
32.800000000000004 1.5991711495125176 1.599171149512284
32.85 1.5921131388156975 1.5921131388154648
32.9 1.58529865096346 1.585298650963225
32.95 1.5787217911139924 1.5787217911137525
33.0 1.5723759947454072 1.5723759947451654
33.050000000000004 1.566254695591406 1.5662546955911665
33.1 1.5603519697837953 1.560351969783561
33.15 1.5546631378914726 1.554663137891243
33.2 1.549185307672365 1.5491853076721285
33.25 1.5439178419779935 1.543917841977758
33.300000000000004 1.5388627383284972 1.538862738328256
33.35 1.5340249091525477 1.5340249091522997
33.4 1.5294123544928897 1.52941235449264
33.45 1.525036222033752 1.5250362220335023
33.5 1.5209107525229744 1.5209107525227226
33.550000000000004 1.517053111944994 1.5170531119447377
33.6 1.5134831150534376 1.5134831150531896
33.65 1.5102228479974147 1.5102228479971656
33.7 1.5072962006793027 1.5072962006790545
33.75 1.5047283220772112 1.5047283220769576
33.800000000000004 1.5025450139728016 1.5025450139725418
33.85 1.5007720802789892 1.5007720802787365
33.9 1.4994346504083633 1.4994346504080998
33.95 1.4985564958244582 1.498556495824202
34.0 1.4981593590540545 1.498159359053796
34.050000000000004 1.4982623140053757 1.4982623140051243
34.1 1.4988811754493678 1.4988811754491111
34.15 1.5000279740104514 1.5000279740101967
34.2 1.5017105110274127 1.501710511027163
34.25 1.5039320052465692 1.5039320052463294
34.300000000000004 1.5066908405738146 1.5066908405735717
34.35 1.5099804211250807 1.5099804211248387
34.4 1.5137891366695513 1.5137891366693044
34.45 1.5181004383541397 1.518100438353891
34.5 1.522893021431293 1.5228930214310377
34.550000000000004 1.52814110868195 1.528141108681698
34.6 1.533814825424686 1.5338148254244288
34.65 1.5398806545154455 1.5398806545151933
34.7 1.5463019576441095 1.5463019576438515
34.75 1.5530395475858931 1.55303954758564
34.800000000000004 1.5600522949143558 1.5600522949141
34.85 1.5672977520582796 1.5672977520580278
34.9 1.5747327775012794 1.574732777501024
34.95 1.582314143375589 1.5823141433753372
35.0 1.5899991106699247 1.5899991106696674
35.050000000000004 1.5977459577169033 1.597745957716652
35.1 1.6055144494967646 1.605514449496508
35.15 1.6132662375243065 1.613266237524049
35.2 1.6209651825988876 1.620965182598629
35.25 1.6285775954076978 1.6285775954074457
35.300000000000004 1.636072392789746 1.6360723927894893
35.35 1.6434211702987116 1.6434211702984602
35.4 1.6505981944551404 1.650598194454885
35.45 1.6575803206622197 1.6575803206619653
35.5 1.6643468450932826 1.664346845093037
35.550000000000004 1.6708793008685507 1.6708793008683052
35.6 1.677161210462096 1.677161210461855
35.65 1.6831778074684978 1.6831778074682586
35.7 1.688915741577734 1.6889157415774867
35.75 1.6943627808386923 1.694362780838452
35.800000000000004 1.6995075250339204 1.699507525033685
35.85 1.7043391432541077 1.704339143253871
35.9 1.7088471475808822 1.708847147580657
35.95 1.713021213203431 1.7130212132032119
36.0 1.7168510533648729 1.7168510533646557
36.050000000000004 1.7203263553263246 1.7203263553261121
36.1 1.7234367811250235 1.7234367811248146
36.15 1.726172034370184 1.726172034369968
36.2 1.7285219917514931 1.7285219917512813
36.25 1.7304768954162046 1.7304768954159881
36.300000000000004 1.732027599984161 1.7320275999839494
36.35 1.7331658657958064 1.7331658657955975
36.4 1.7338846880958636 1.7338846880956598
36.45 1.7341786503074723 1.7341786503072654
36.5 1.7340442883974863 1.734044288397277
36.550000000000004 1.733480452610967 1.7334804526107546
36.6 1.7324886525841643 1.732488652583958
36.65 1.7310733720390454 1.731073372038837
36.7 1.7292423399123629 1.7292423399121608
36.75 1.7270067458575271 1.727006745857326
36.800000000000004 1.7243813895433031 1.7243813895430948
36.85 1.7213847550133268 1.7213847550131138
36.9 1.7180390035062723 1.7180390035060635
36.95 1.7143698805017413 1.7143698805015397
37.0 1.7104065352781272 1.7104065352779196
37.050000000000004 1.7061812538676082 1.7061812538673968
37.1 1.7017291088905562 1.701729108890349
37.15 1.697087532266818 1.6970875322666101
37.2 1.692295819158852 1.692295819158648
37.25 1.6873945736295817 1.6873945736293658
37.300000000000004 1.6824251083325539 1.6824251083323443
37.35 1.6774288120388308 1.6774288120386238
37.4 1.672446499899685 1.6724464998994781
37.45 1.6675177620155561 1.6675177620153572
37.5 1.6626803261101437 1.6626803261099485
37.550000000000004 1.6579694498883593 1.657969449888165
37.6 1.6534173579962552 1.6534173579960494
37.65 1.649052737419504 1.6490527374192956
37.7 1.6449003036885799 1.644900303688373
37.75 1.6409804484456814 1.6409804484454733
37.800000000000004 1.6373089768258422 1.6373089768256337
37.85 1.6338969407724868 1.633896940772276
37.9 1.6307505719146547 1.6307505719144484
37.95 1.6278713150500348 1.627871315049829
38.0 1.6252559606789632 1.6252559606787602
38.050000000000004 1.622896872492639 1.622896872492436
38.1 1.6207823033049713 1.6207823033047766
38.15 1.6188967906988099 1.6188967906986131
38.2 1.617221621693556 1.6172216216933588
38.25 1.6157353540855857 1.6157353540853858
38.300000000000004 1.6144143808083187 1.614414380808124
38.35 1.6132335227384806 1.6132335227382895
38.400000000000006 1.6121666348603592 1.6121666348601682
38.45 1.6111872106010414 1.6111872106008542
38.5 1.6102689694647474 1.6102689694645613
38.550000000000004 1.6093864138093565 1.609386413809173
38.6 1.6085153416994236 1.6085153416992246
38.650000000000006 1.6076333042008444 1.6076333042006494
38.7 1.6067199972098276 1.6067199972096402
38.75 1.6057575798793255 1.605757579879141
38.800000000000004 1.6047309138622028 1.6047309138620214
38.85 1.603627719867367 1.6036277198671844
38.900000000000006 1.602438650358068 1.6024386503578847
38.95 1.60115727954221 1.6011572795420204
39.0 1.5997800140477696 1.5997800140475869
39.050000000000004 1.5983059297784388 1.5983059297782551
39.1 1.59673654234706 1.5967365423468776
39.150000000000006 1.5950755201356808 1.5950755201355031
39.2 1.5933283503859887 1.5933283503858071
39.25 1.5915019697480879 1.5915019697479114
39.300000000000004 1.58960437138381 1.5896043713836248
39.35 1.5876442010182734 1.5876442010180853
39.400000000000006 1.5856303542580181 1.5856303542578276
39.45 1.5835715870526852 1.5835715870524991
39.5 1.5814761503902708 1.581476150390086
39.550000000000004 1.5793514592115832 1.5793514592113929
39.6 1.5772038041477578 1.577203804147576
39.650000000000006 1.575038113071539 1.5750381130713589
39.7 1.5728577676629936 1.5728577676628128
39.75 1.5706644782825203 1.570664478282334
39.800000000000004 1.5684582184796947 1.5684582184795133
39.85 1.5662372185104891 1.56623721851031
39.900000000000006 1.5639980153490232 1.5639980153488415
39.95 1.5617355549248304 1.5617355549246454
40.0 1.559443340746824 1.5594433407466377
40.050000000000004 1.557113621740563 1.5571136217403716
40.1 1.5547376110667002 1.5547376110665092
40.150000000000006 1.552305726937756 1.5523057269375617
40.2 1.5498078460280846 1.5498078460278908
40.25 1.5472335599894445 1.54723355998925
40.300000000000004 1.5445724258395361 1.5445724258393334
40.35 1.541814201571281 1.5418142015710745
40.400000000000006 1.5389490592124562 1.538949059212249
40.45 1.5359677687144835 1.5359677687142779
40.5 1.532861847422669 1.5328618474224585
40.550000000000004 1.5296236714272782 1.5296236714270717
40.6 1.5262465467580981 1.5262465467578905
40.650000000000006 1.5227247401044088 1.5227247401041888
40.7 1.5190534704538923 1.519053470453669
40.75 1.5152288646858025 1.515228864685585
40.800000000000004 1.511247881664406 1.5112478816641834
40.85 1.5071082107031968 1.507108210702977
40.900000000000006 1.5028081513582403 1.5028081513580176
40.95 1.4983464823187744 1.4983464823185457
41.0 1.493722327663539 1.493722327663311
41.050000000000004 1.4889350289202752 1.4889350289200503
41.1 1.4839840311946362 1.4839840311944024
41.150000000000006 1.4788687911257543 1.4788687911255258
41.2 1.4735887135933243 1.4735887135930958
41.25 1.468143122971952 1.4681431229717183
41.300000000000004 1.4625312733395468 1.4625312733393168
41.35 1.4567524004446306 1.4567524004444028
41.400000000000006 1.450805816477371 1.4508058164771387
41.45 1.4446910468326597 1.4446910468324214
41.5 1.4384080061654383 1.4384080061651983
41.550000000000004 1.4319572091872355 1.4319572091869999
41.6 1.4253400099051747 1.4253400099049442
41.650000000000006 1.4185588614262181 1.4185588614259919
41.7 1.4116175870996783 1.4116175870994447
41.75 1.4045216527037905 1.4045216527035722
41.800000000000004 1.3972784286421227 1.3972784286419049
41.85 1.3898974307365484 1.389897430736323
41.900000000000006 1.3823905282093172 1.382390528209084
41.95 1.374772107846464 1.3747721078462347
42.0 1.367059184126771 1.3670591841265451
42.050000000000004 1.3592714462686897 1.3592714462684568
42.1 1.351431234664043 1.351431234663811
42.150000000000006 1.3435634409918364 1.3435634409916088
42.2 1.3356953283873942 1.335695328387168
42.25 1.3278562703220569 1.3278562703218202
42.300000000000004 1.3200774092590457 1.3200774092588023
42.35 1.3123912386206318 1.3123912386203942
42.400000000000006 1.304831114054482 1.3048311140542452
42.45 1.2974307023479184 1.2974307023476808
42.5 1.2902233785340438 1.2902233785338046
42.550000000000004 1.2832415836929714 1.2832415836927271
42.6 1.2765161576122064 1.2765161576119608
42.650000000000006 1.2700756617766573 1.2700756617764075
42.7 1.2639457090664477 1.263945709066201
42.75 1.2581483170156287 1.258148317015383
42.800000000000004 1.2527013015059736 1.2527013015057242
42.85 1.2476177273297204 1.2476177273294693
42.900000000000006 1.2429054311580139 1.242905431157759
42.95 1.2385666311175467 1.2385666311173038
43.0 1.2345976354371886 1.2345976354369348
43.050000000000004 1.2309886605224394 1.2309886605221798
43.1 1.227723766402382 1.2277237664021277
43.150000000000006 1.2247809148332258 1.2247809148329674
43.2 1.222132152504515 1.2221321525042637
43.25 1.2197439188531716 1.2197439188529269
43.300000000000004 1.217577475023603 1.2175774750233535
43.35 1.2155894475980875 1.2155894475978397
43.400000000000006 1.213732477936192 1.2137324779359473
43.45 1.2119559653784713 1.2119559653782248
43.5 1.2102068902552439 1.2102068902550056
43.550000000000004 1.208430700655392 1.2084307006551573
43.6 1.2065722453037813 1.2065722453035475
43.650000000000006 1.2045767337091844 1.204576733708954
43.7 1.2023907040066093 1.2023907040063797
43.75 1.1999629786457477 1.1999629786455244
43.800000000000004 1.1972455882754844 1.197245588275262
43.85 1.1941946448354712 1.1941946448352487
43.900000000000006 1.1907711459703492 1.1907711459701207
43.95 1.1869416943993072 1.1869416943990836
44.0 1.1826791177626768 1.182679117762446
44.050000000000004 1.1779629766774948 1.17796297667727
44.1 1.1727799512088142 1.1727799512085832
44.150000000000006 1.167124098638161 1.1671240986379345
44.2 1.1609969782183962 1.1609969782181573
44.25 1.1544076414743716 1.1544076414741302
44.300000000000004 1.1473724894710176 1.1473724894707764
44.35 1.1399150012558543 1.1399150012556236
44.400000000000006 1.1320653403250236 1.1320653403247902
44.45 1.1238598484004267 1.123859848400189
44.5 1.1153404379853809 1.1153404379851497
44.550000000000004 1.1065538970408406 1.106553897040607
44.6 1.097551120655532 1.0975511206553044
44.650000000000006 1.0883862857436204 1.0883862857433946
44.7 1.079115985573993 1.0791159855737646
44.75 1.0697983413093837 1.069798341309156
44.800000000000004 1.060492107713776 1.0604921077135498
44.85 1.0512557897864248 1.0512557897862036
44.900000000000006 1.0421467863232123 1.042146786322986
44.95 1.0332205753222197 1.0332205753220003
45.0 1.0245299547796614 1.0245299547794418
45.050000000000004 1.0161243508096733 1.0161243508094537
45.1 1.0080492032173771 1.008049203217156
45.150000000000006 1.0003454367118538 1.0003454367116396
45.2 0.9930490239192379 0.9930490239190234
45.25 0.9861906443005615 0.986190644300346
45.300000000000004 0.9797954410467379 0.9797954410465255
45.35 0.9738828760639258 0.9738828760637066
45.400000000000006 0.9684666813203895 0.9684666813201754
45.45 0.9635549031406794 0.963554903140472
45.5 0.9591500345344011 0.9591500345342024
45.550000000000004 0.9552492293611642 0.9552492293609702
45.6 0.9518445910744883 0.9518445910742965
45.650000000000006 0.9489235279644355 0.9489235279642532
45.7 0.9464691662306646 0.9464691662304866
45.75 0.9444608118563882 0.9444608118562133
45.800000000000004 0.9428744521045099 0.9428744521043287
45.85 0.9416832874993375 0.9416832874991587
45.900000000000006 0.9408582853644921 0.9408582853643144
45.95 0.9403687463312966 0.9403687463311123
46.0 0.9401828756807162 0.9401828756805315
46.050000000000004 0.940268351903669 0.9402683519034795
46.1 0.9405928854286997 0.9405928854285158
46.150000000000006 0.9411247610435355 0.9411247610433522
46.2 0.9418333581025683 0.9418333581023848
46.25 0.9426896431453105 0.9426896431451155
46.300000000000004 0.9436666300354161 0.9436666300352192
46.35 0.9447398031567095 0.9447398031565204
46.400000000000006 0.9458874995679977 0.945887499567805
46.45 0.9470912463257423 0.9470912463255465
46.5 0.9483360494402704 0.9483360494400812
46.550000000000004 0.9496106311525566 0.9496106311523682
46.6 0.9509076124214912 0.9509076124213008
46.650000000000006 0.9522236377184276 0.952223637718239
46.7 0.953559439460059 0.9535594394598853
46.75 0.9549198396964091 0.95491983969623
46.800000000000004 0.9563136870312465 0.9563136870310797
46.85 0.957753727209592 0.9577537272094159
46.900000000000006 0.9592564063772326 0.9592564063770534
46.95 0.960841606714459 0.9608416067142949
47.0 0.9625323149758096 0.9625323149756366
47.050000000000004 0.9643542254303438 0.9643542254301698
47.1 0.9663352797843676 0.9663352797842053
47.150000000000006 0.9685051478656683 0.9685051478654962
47.2 0.9708946541325265 0.9708946541323504
47.25 0.9735351564119202 0.9735351564117516
47.300000000000004 0.9764578846329721 0.9764578846328028
47.35 0.979693248663263 0.9796932486630758
47.400000000000006 0.9832701256307206 0.9832701256305432
47.45 0.9872151382759036 0.9872151382757182
47.5 0.9915519368799626 0.9915519368797755
47.550000000000004 0.9963004981063686 0.996300498106182
47.6 1.0014764546359536 1.0014764546357708
47.650000000000006 1.0070904697274357 1.007090469727243
47.7 1.013147670767736 1.013147670767537
47.75 1.0196471554661874 1.0196471554659872
47.800000000000004 1.026581583580761 1.0265815835805554
47.85 1.0339368659410855 1.033936865940883
47.900000000000006 1.0416919610616022 1.0416919610613917
47.95 1.049818787839578 1.049818787839359
48.0 1.05828226073918 1.0582822607389573
48.050000000000004 1.0670404515172038 1.0670404515169811
48.1 1.0760448790015846 1.0760448790013586
48.150000000000006 1.0852409257504976 1.0852409257502733
48.2 1.0945683776659592 1.094568377665729
48.25 1.1039620798824195 1.1039620798821783
48.300000000000004 1.1133526995726382 1.1133526995723901
48.35 1.1226675837833904 1.1226675837831306
48.400000000000006 1.1318316981043413 1.131831698104074
48.45 1.1407686299505548 1.140768629950291
48.5 1.1494016385627965 1.1494016385625212
48.550000000000004 1.157654732549351 1.1576547325490654
48.6 1.1654537549496125 1.1654537549493218
48.650000000000006 1.1727274554184768 1.1727274554181737
48.7 1.17940852922816 1.1794085292278575
48.75 1.1854346033594443 1.1854346033591288
48.800000000000004 1.1907491509953645 1.1907491509950487
48.85 1.195302317210275 1.1953023172099595
48.900000000000006 1.1990516405277316 1.1990516405274145
48.95 1.201962657251264 1.2019626572509345
49.0 1.2040093779935572 1.204009377993235
49.050000000000004 1.20517462857441 1.2051746285740879
49.1 1.2054502503533748 1.2054502503530387
49.150000000000006 1.2048371580328132 1.2048371580324744
49.2 1.2033452559345643 1.2033452559342244
49.25 1.2009932166426136 1.2009932166422779
49.300000000000004 1.1978081286434223 1.1978081286430768
49.35 1.1938250221191018 1.1938250221187443
49.400000000000006 1.1890862842975085 1.1890862842971512
49.45 1.1836409776893864 1.1836409776890315
49.5 1.1775440761062541 1.177544076105888
49.550000000000004 1.1708556345276224 1.1708556345272605
49.6 1.1636399096557941 1.1636399096554362
49.650000000000006 1.1559644483578921 1.155964448357539
49.7 1.147899161155526 1.1478991611551654
49.75 1.1395153975005223 1.1395153975001602
49.800000000000004 1.130885038800003 1.130885038799644
49.85 1.1220796240611206 1.1220796240607576
49.900000000000006 1.113169521659639 1.1131695216592685
49.95 1.1042231591460254 1.10422315914566
50.0 1.0953063212400265 1.0953063212396572
