1.0 3.395248621152596
2.0 2.0763139280840335
3.0 1.2389659728214228
4.0 0.7024667347795428
5.0 0.36551889494213174
6.0 0.152184873046882
7.0 0.05837334740622557
8.0 0.021086815658757363
9.0 0.005670688660071477
10.0 0.0010889158781348662
11.0 0.0002551383613775826
12.0 8.785863602644994e-5
13.0 2.6277709290312146e-5
14.0 8.082102978423933e-6
15.0 2.0305916077489883e-6
16.0 3.201925240503556e-7
17.0 6.780801831141048e-8
18.0 2.0759261420977282e-8
19.0 7.693731429725403e-9
20.0 2.2014390310687304e-9
21.0 4.691189658956318e-10
22.0 9.104805798187954e-11
23.0 1.2084555578439904e-11
24.0 1.3073986337985843e-12
25.0 1.5010215292932116e-13
26.0 1.7319479184152442e-14
27.0 8.881784197001252e-16
28.0 4.440892098500626e-15
29.0 4.440892098500626e-15
30.0 4.440892098500626e-15
31.0 4.440892098500626e-15
32.0 4.884981308350689e-15
33.0 4.884981308350689e-15
34.0 4.440892098500626e-15
35.0 4.440892098500626e-15
36.0 4.440892098500626e-15
37.0 4.440892098500626e-15
38.0 4.440892098500626e-15
39.0 4.884981308350689e-15
40.0 4.884981308350689e-15
41.0 4.440892098500626e-15
42.0 4.440892098500626e-15
43.0 4.884981308350689e-15
44.0 4.440892098500626e-15
45.0 4.884981308350689e-15
46.0 4.884981308350689e-15
47.0 4.440892098500626e-15
48.0 4.440892098500626e-15
49.0 4.884981308350689e-15
50.0 4.440892098500626e-15
51.0 5.329070518200751e-15
52.0 4.884981308350689e-15
53.0 5.329070518200751e-15
54.0 4.884981308350689e-15
55.0 5.329070518200751e-15
56.0 4.440892098500626e-15
57.0 5.329070518200751e-15
58.0 4.884981308350689e-15
59.0 3.9968028886505635e-15
60.0 4.884981308350689e-15
61.0 5.329070518200751e-15
62.0 4.884981308350689e-15
63.0 4.440892098500626e-15
64.0 4.440892098500626e-15
65.0 4.440892098500626e-15
66.0 5.329070518200751e-15
67.0 4.440892098500626e-15
68.0 5.329070518200751e-15
69.0 4.884981308350689e-15
70.0 4.884981308350689e-15
71.0 4.884981308350689e-15
72.0 5.329070518200751e-15
73.0 4.884981308350689e-15
74.0 4.884981308350689e-15
75.0 4.440892098500626e-15
76.0 5.329070518200751e-15
77.0 5.329070518200751e-15
78.0 4.440892098500626e-15
79.0 4.440892098500626e-15
80.0 4.884981308350689e-15
81.0 4.884981308350689e-15
82.0 4.884981308350689e-15
83.0 4.440892098500626e-15
84.0 5.329070518200751e-15
85.0 4.440892098500626e-15
86.0 4.440892098500626e-15
87.0 4.884981308350689e-15
88.0 4.440892098500626e-15
89.0 4.440892098500626e-15
90.0 5.329070518200751e-15
91.0 4.440892098500626e-15
92.0 4.884981308350689e-15
93.0 4.884981308350689e-15
94.0 3.9968028886505635e-15
95.0 4.440892098500626e-15
96.0 4.884981308350689e-15
97.0 4.884981308350689e-15
98.0 4.440892098500626e-15
99.0 4.440892098500626e-15
100.0 4.440892098500626e-15
101.0 4.884981308350689e-15
102.0 4.440892098500626e-15
103.0 4.884981308350689e-15
104.0 4.884981308350689e-15
105.0 3.9968028886505635e-15
106.0 4.440892098500626e-15
107.0 5.329070518200751e-15
108.0 4.440892098500626e-15
109.0 4.440892098500626e-15
110.0 4.440892098500626e-15
111.0 4.440892098500626e-15
112.0 4.884981308350689e-15
113.0 4.440892098500626e-15
114.0 5.329070518200751e-15
115.0 4.884981308350689e-15
116.0 3.9968028886505635e-15
117.0 4.440892098500626e-15
118.0 5.329070518200751e-15
119.0 4.884981308350689e-15
120.0 4.440892098500626e-15
121.0 4.884981308350689e-15
122.0 4.884981308350689e-15
123.0 4.440892098500626e-15
124.0 5.329070518200751e-15
125.0 5.329070518200751e-15
126.0 4.884981308350689e-15
127.0 4.440892098500626e-15
128.0 4.884981308350689e-15
129.0 4.884981308350689e-15
130.0 4.440892098500626e-15
131.0 5.329070518200751e-15
132.0 4.884981308350689e-15
133.0 3.9968028886505635e-15
134.0 4.440892098500626e-15
135.0 4.884981308350689e-15
136.0 4.884981308350689e-15
137.0 4.440892098500626e-15
138.0 5.329070518200751e-15
139.0 5.329070518200751e-15
140.0 4.440892098500626e-15
141.0 4.440892098500626e-15
142.0 4.884981308350689e-15
143.0 4.884981308350689e-15
144.0 4.884981308350689e-15
145.0 5.329070518200751e-15
146.0 4.884981308350689e-15
147.0 4.440892098500626e-15
148.0 4.440892098500626e-15
149.0 5.329070518200751e-15
150.0 4.884981308350689e-15
151.0 4.440892098500626e-15
152.0 4.440892098500626e-15
153.0 4.884981308350689e-15
154.0 4.884981308350689e-15
155.0 4.884981308350689e-15
156.0 4.440892098500626e-15
157.0 4.884981308350689e-15
158.0 4.440892098500626e-15
159.0 4.440892098500626e-15
160.0 4.440892098500626e-15
161.0 5.329070518200751e-15
162.0 4.884981308350689e-15
163.0 4.884981308350689e-15
164.0 5.773159728050814e-15
165.0 4.884981308350689e-15
166.0 5.773159728050814e-15
167.0 5.329070518200751e-15
168.0 5.773159728050814e-15
169.0 5.773159728050814e-15
170.0 5.329070518200751e-15
171.0 4.440892098500626e-15
172.0 6.217248937900877e-15
173.0 5.329070518200751e-15
174.0 5.329070518200751e-15
175.0 5.773159728050814e-15
176.0 5.329070518200751e-15
177.0 5.329070518200751e-15
178.0 5.773159728050814e-15
179.0 5.773159728050814e-15
180.0 4.884981308350689e-15
181.0 4.884981308350689e-15
182.0 5.773159728050814e-15
183.0 5.329070518200751e-15
184.0 5.329070518200751e-15
185.0 4.440892098500626e-15
186.0 5.773159728050814e-15
187.0 5.329070518200751e-15
188.0 4.884981308350689e-15
189.0 5.773159728050814e-15
190.0 5.773159728050814e-15
191.0 5.773159728050814e-15
192.0 6.217248937900877e-15
193.0 5.773159728050814e-15
194.0 6.661338147750939e-15
195.0 6.217248937900877e-15
196.0 6.217248937900877e-15
197.0 5.773159728050814e-15
198.0 6.661338147750939e-15
199.0 6.217248937900877e-15
200.0 5.773159728050814e-15
201.0 6.661338147750939e-15
202.0 5.773159728050814e-15
203.0 5.773159728050814e-15
204.0 6.661338147750939e-15
205.0 6.661338147750939e-15
206.0 6.217248937900877e-15
207.0 6.661338147750939e-15
208.0 6.217248937900877e-15
209.0 5.773159728050814e-15
210.0 6.661338147750939e-15
211.0 6.217248937900877e-15
212.0 5.329070518200751e-15
213.0 6.217248937900877e-15
214.0 6.661338147750939e-15
215.0 6.217248937900877e-15
216.0 5.773159728050814e-15
217.0 5.773159728050814e-15
218.0 5.773159728050814e-15
219.0 6.217248937900877e-15
220.0 5.773159728050814e-15
221.0 6.661338147750939e-15
222.0 6.217248937900877e-15
223.0 5.329070518200751e-15
224.0 5.773159728050814e-15
225.0 6.217248937900877e-15
226.0 6.217248937900877e-15
227.0 6.661338147750939e-15
228.0 6.661338147750939e-15
229.0 6.661338147750939e-15
230.0 6.217248937900877e-15
231.0 6.661338147750939e-15
232.0 6.661338147750939e-15
233.0 5.773159728050814e-15
234.0 6.661338147750939e-15
235.0 6.217248937900877e-15
236.0 6.217248937900877e-15
237.0 5.329070518200751e-15
238.0 6.661338147750939e-15
239.0 6.217248937900877e-15
240.0 5.773159728050814e-15
241.0 6.661338147750939e-15
242.0 6.217248937900877e-15
243.0 5.773159728050814e-15
244.0 6.661338147750939e-15
245.0 5.773159728050814e-15
246.0 6.217248937900877e-15
247.0 5.773159728050814e-15
248.0 6.661338147750939e-15
249.0 6.217248937900877e-15
250.0 6.217248937900877e-15
251.0 6.217248937900877e-15
252.0 6.661338147750939e-15
