1.0 2.7901948476293894
2.0 1.4916103548446857
3.0 0.8562113084136711
4.0 0.5391162875093882
5.0 0.22882559672194702
6.0 0.07111460324567132
7.0 0.011454622261274583
8.0 0.0014330442819296962
9.0 0.00021628238303472713
10.0 5.655624955913652e-5
11.0 1.1643278980955074e-5
12.0 1.8872369196287764e-6
13.0 2.592262005052248e-7
14.0 4.5809471771462995e-8
15.0 1.173264418952158e-8
16.0 1.710715125113893e-9
17.0 1.570952257168301e-10
18.0 1.297806306865823e-11
19.0 6.075140390748857e-13
20.0 5.062616992290714e-14
21.0 7.105427357601002e-15
22.0 1.7763568394002505e-15
23.0 1.3322676295501878e-15
24.0 1.3322676295501878e-15
25.0 8.881784197001252e-16
26.0 8.881784197001252e-16
27.0 8.881784197001252e-16
28.0 8.881784197001252e-16
29.0 1.3322676295501878e-15
30.0 8.881784197001252e-16
31.0 1.3322676295501878e-15
32.0 8.881784197001252e-16
33.0 1.3322676295501878e-15
34.0 8.881784197001252e-16
35.0 8.881784197001252e-16
36.0 8.881784197001252e-16
37.0 8.881784197001252e-16
38.0 8.881784197001252e-16
39.0 8.881784197001252e-16
40.0 8.881784197001252e-16
41.0 8.881784197001252e-16
42.0 8.881784197001252e-16
43.0 8.881784197001252e-16
44.0 8.881784197001252e-16
45.0 8.881784197001252e-16
46.0 8.881784197001252e-16
47.0 1.3322676295501878e-15
48.0 4.440892098500626e-16
49.0 4.440892098500626e-16
50.0 8.881784197001252e-16
51.0 8.881784197001252e-16
52.0 8.881784197001252e-16
53.0 4.440892098500626e-16
54.0 8.881784197001252e-16
55.0 1.3322676295501878e-15
56.0 1.3322676295501878e-15
57.0 8.881784197001252e-16
58.0 4.440892098500626e-16
59.0 4.440892098500626e-16
60.0 8.881784197001252e-16
61.0 1.3322676295501878e-15
62.0 4.440892098500626e-16
63.0 1.3322676295501878e-15
64.0 1.3322676295501878e-15
65.0 8.881784197001252e-16
66.0 8.881784197001252e-16
67.0 1.7763568394002505e-15
68.0 1.7763568394002505e-15
69.0 1.3322676295501878e-15
70.0 8.881784197001252e-16
