-3.571918322194722
-3.571918322194717
-3.5719183221947164
-3.5719183221947137
-3.571918322194712
-3.5719183221947097
-3.5719183221947066
-3.571918322194702
-2.9824305355586156
-2.9824305355586147
-2.982430535558614
-2.9824305355586134
-2.982430535558612
-2.9824305349654674
-2.936819560074236
-2.93681956007423
-2.936819560074227
-2.936819560074227
-2.936819560074225
-2.9367845830899983
-2.8479695497147346
-2.847969549714731
-2.8479695497147297
-2.8479695497147244
-2.84796954971472
-2.3986130401508556
-2.398613040150855
-2.398613040150851
-2.3986130401508494
-2.316279643831638
-2.3095493641552496
-2.3095493641552456
-2.3095493641552416
-2.3070375210540464
-2.307037521054044
-2.3070375210540406
-2.253874031277469
-2.2538207193769755
-2.253820719376975
-2.253820719376974
-2.1595740286703777
-2.1595740286703737
-2.1595740286703706
-2.1377173907146725
-2.1377173907146667
-2.1377173907146623
-2.0506768694841666
-2.050676869484164
-2.050676869484159
-1.8506764894555328
-1.8506764894555316
-1.8506764894555285
-1.7205926039962613
-1.7205926039962571
-1.702039070378405
-1.7020390703784036
-1.681196524866541
-1.6811965248665408
-1.6400438818805854
-1.6400438818805851
-1.6172494300397438
-1.6172494300397418
-1.581011710942177
-1.5810117109421635
-1.579942242052528
-1.5799422420525169
-1.4734276147658705
-1.4734276147658651
-1.4331101287825583
-1.4331101287825458
-1.3850820900291674
-1.3850600534564892
-1.384606050789036
-1.3774708639623168
-1.377468772960316
-1.3698568293718643
-1.369854606979613
-1.2672518992860853
-1.267251897813925
-1.2031211161271034
-1.2031197744935156
-1.1627395271873673
-1.1577601083282523
-1.1463477065309937
-1.1379852221909714
-1.127561465988601
-1.076212684051455
-1.0639465550169942
-1.0594958615646057
-1.0559924330911465
-1.0441719540365622
-1.0037832672254758
-0.9655879023640939
-0.9517520288996422
-0.9444894238819899
-0.9400758420004567
-0.8876853605851829
-0.8787636036408251
-0.8483044851809036
-0.8430455634135123
-0.7754643709906115
-0.7599019513592773
-0.7494290734486926
-0.7430149834841138
-0.7259111169064179
-0.6431137685245574
-0.6397269165534503
-0.6064504971745732
-0.586561108473485
-0.5765927524611336
-0.5697263822681875
-0.5133057957889511
-0.49836998350006523
-0.4820285903029826
-0.44016199123159083
-0.43567374456569663
-0.39031242374328334
-0.36997453683000003
-0.3509754408242598
-0.33930277401804654
-0.33271172825513595
-0.312899096227655
-0.2817537465233251
-0.24330028850560836
-0.1790280211121953
-0.1491928481580702
-0.1322581042885843
-0.1320956266292249
-0.12638375641656463
-0.061018837153796746
-0.0397288620041385
-0.03406074241162127
0.007596433018520976
0.03924217726507173
0.04267792548191318
0.10132015913602149
0.10269002611022428
0.11142838542678613
0.13972658290945805
0.15207232407738447
0.21714267517572372
0.22188759856541207
0.2599019513592786
0.29034821701199
0.3008678933266138
0.3262001566898416
0.3690822794852693
0.39370061075001095
0.4050471015898607
0.41673410978612235
0.43009639985150283
0.43502261414376076
0.4436416306806774
0.4490857084674733
0.4655649498515717
0.5120373134481051
0.5199989242943865
0.5509238162334211
0.5517358433861583
0.5599884781968307
0.6711059854753145
0.6749090504258604
0.6877461796144742
0.7408054687070988
0.7537096460858779
0.7749488820187409
0.7753498950843439
0.7886776497317753
0.8449315545254339
0.8708928778046934
0.8804360847967265
0.8881629034513661
0.8903124237432856
0.9170962490850965
0.9276783233546455
0.9578276841075073
0.9651362644870927
0.9844176905896191
0.9877376177059107
0.999727624988471
1.0149731263354715
1.0149937058687315
1.0785009233556848
1.0785009234032723
1.1132335559613424
1.1132335559613913
1.2340201104292174
1.234020110429218
1.2632045868940476
1.2632045868940516
1.2976720337848082
1.297672033784809
1.3877453622684608
1.3877453622684615
1.4049214567807868
1.404921456780788
1.4295403355446301
1.4295403355446308
1.4843775799097632
1.4843775799097632
1.4995959241256431
1.4995959241256434
1.5221514093601236
1.5221514093601258
1.523613518653083
1.5236135186530848
1.592546115988748
1.5925461163236936
1.5925461163236965
1.813288277902752
1.8132882779027522
1.8132882779027537
1.8479695823256013
1.8479695823256015
1.8479695823256033
1.9153306167611825
1.9153306167611834
1.915330616761186
1.9396579395369542
1.9396579395369546
1.9396579395369553
1.9604102855489431
1.9604102855489438
1.9604102855489445
1.9710445880191607
1.9710445880191607
1.9710445880191614
2.039722203482496
2.0397222034825035
2.039722203482505
2.039722203482505
2.330848144470272
2.3308481444702727
2.3308481444702727
2.3308481444702727
2.3364838656304916
2.3364877201684635
2.336487720168464
2.336487720168464
2.3364877201684657
2.4394955537335425
2.4394955537335443
2.439495553733545
2.439495553733545
2.439495553733546
2.9451675350962594
2.9451675350962594
2.94516753509626
2.94516753509626
2.94516753509626
2.945167535096262
2.945167535096266
